----------------------------------------------------------------
METHOD: Euler
H: 0.1 N: 10
X: [ 0.   0.1  0.2  0.3  0.4  0.5  0.6  0.7  0.8  0.9  1. ]
Y: [  1.           1.5          2.19         3.146        4.4744       6.32416
   8.903824    12.5053536   17.53749504  24.57249306  34.41149028]
Phi: [  1.           1.60904183   2.50532985   3.83013885   5.794226
   8.71200412  13.05252195  19.51551804  29.14487961  43.4979034
  64.89780316]
Error: [  0.           0.10904183   0.31532985   0.68413885   1.319826
   2.38784412   4.14869795   7.01016444  11.60738457  18.92541035
  30.48631289]
Acumulated Error: 76.9941508418
H: 0.05 N: 20
X: [ 0.    0.05  0.1   0.15  0.2   0.25  0.3   0.35  0.4   0.45  0.5   0.55
  0.6   0.65  0.7   0.75  0.8   0.85  0.9   0.95  1.  ]
Y: [  1.           1.25         1.5475       1.902        2.3249       2.82988
   3.433356     4.1550272    5.01853264   6.05223917   7.290187     8.7732244
  10.55036928  12.68044314  15.23403177  18.29583812  21.96750574
  26.37100689  31.65270827  37.98824993  45.58839991]
Phi: [  1.           1.27541578   1.60904183   2.01376608   2.50532985
   3.10295967   3.83013885   4.71554996   5.794226     7.10895636
   8.71200412  10.66720353  13.05252195  15.96318892  19.51551804
  23.8515751   29.14487961  35.60736881  43.4979034   53.13265659
  64.89780316]
Error: [  0.           0.02541578   0.06154183   0.11176608   0.18042985
   0.27307967   0.39678285   0.56052276   0.77569336   1.0567172
   1.42181712   1.89397913   2.50215267   3.28274578   4.28148627
   5.55573698   7.17737387   9.23636191  11.84519513  15.14440666
  19.30940325]
Acumulated Error: 85.0926081365
H: 0.025 N: 40
X: [ 0.     0.025  0.05   0.075  0.1    0.125  0.15   0.175  0.2    0.225
  0.25   0.275  0.3    0.325  0.35   0.375  0.4    0.425  0.45   0.475  0.5
  0.525  0.55   0.575  0.6    0.625  0.65   0.675  0.7    0.725  0.75
  0.775  0.8    0.825  0.85   0.875  0.9    0.925  0.95   0.975  1.   ]
Y: [  1.           1.125        1.261875     1.4118125    1.57611875
   1.75623063   1.95372869   2.17035156   2.40801171   2.66881288
   2.95506917   3.26932609   3.6143837    3.99332207   4.40952927
   4.8667322    5.36903042   5.92093346   6.52740181   7.19389199
   7.92640619   8.73154681   9.61657649  10.58948414  11.65905755
  12.83496331  14.12783464  15.5493681   17.11242991  18.8311729
  20.72116519  22.79953171  25.08510989  27.59862087  30.36285796
  33.40289376  36.74630813  40.42343895  44.46765784  48.91567362
  53.80786599]
Phi: [  1.           1.13114047   1.27541578   1.43420733   1.60904183
   1.80160651   2.01376608   2.24758134   2.50532985   2.78952869
   3.10295967   3.44869715   3.83013885   4.25103979   4.71554996
   5.22825577   5.794226     6.41906253   7.10895636   7.87074965
   8.71200412   9.64107677  10.66720353  11.80059167  13.05252195
  14.43546158  15.96318892  17.65093142  19.51551804  21.57554763
  23.8515751   26.36631715  29.14487961  32.21500872  35.60736881
  39.3558492   43.4979034   48.07492393  53.13265659  58.72165831
  64.89780316]
Error: [  0.00000000e+00   6.14046521e-03   1.35407753e-02   2.23948340e-02
   3.29230784e-02   4.53758840e-02   6.00373880e-02   7.72297839e-02
   9.73181407e-02   1.20715811e-01   1.47890500e-01   1.79371065e-01
   2.15755148e-01   2.57717726e-01   3.06020687e-01   3.61523570e-01
   4.25195583e-01   4.98129064e-01   5.81554554e-01   6.76857659e-01
   7.85597928e-01   9.09529962e-01   1.05062704e+00   1.21110753e+00
   1.39346440e+00   1.60049827e+00   1.83535428e+00   2.10156332e+00
   2.40308813e+00   2.74437472e+00   3.13040990e+00   3.56678543e+00
   4.05976972e+00   4.61638784e+00   5.24451085e+00   5.95295544e+00
   6.75159527e+00   7.65148498e+00   8.66499875e+00   9.80598469e+00
   1.10899372e+01]
Acumulated Error: 90.6957173475
----------------------------------------------------------------
METHOD: BackEuler
H: 0.1 N: 10
X: [ 0.   0.1  0.2  0.3  0.4  0.5  0.6  0.7  0.8  0.9  1. ]
Y: [   1.            1.81666667    3.16111111    5.38518519    9.07530864
   15.20884774   25.41474623   42.40791038   70.71318397  117.87197328
  196.45328879]
Phi: [  1.           1.60904183   2.50532985   3.83013885   5.794226
   8.71200412  13.05252195  19.51551804  29.14487961  43.4979034
  64.89780316]
Error: [   0.           -0.20762484   -0.65578126   -1.55504634   -3.28108264
   -6.49684362  -12.36222428  -22.89239234  -41.56830436  -74.37406987
 -131.55548563]
Acumulated Error: 294.948855169
H: 0.05 N: 20
X: [ 0.    0.05  0.1   0.15  0.2   0.25  0.3   0.35  0.4   0.45  0.5   0.55
  0.6   0.65  0.7   0.75  0.8   0.85  0.9   0.95  1.  ]
Y: [   1.            1.309375      1.69296875    2.16933594    2.76166992
    3.4989624     4.417453      5.56244125    6.99055157    8.77256446
   10.99695557   13.77431947   17.24289933   21.57549917   26.98812396
   33.75077995   42.20097494   52.76059367   65.95699209   82.44936511
  103.06170639]
Phi: [  1.           1.27541578   1.60904183   2.01376608   2.50532985
   3.10295967   3.83013885   4.71554996   5.794226     7.10895636
   8.71200412  10.66720353  13.05252195  15.96318892  19.51551804
  23.8515751   29.14487961  35.60736881  43.4979034   53.13265659
  64.89780316]
Error: [  0.00000000e+00  -3.39592247e-02  -8.39269216e-02  -1.55569862e-01
  -2.56340069e-01  -3.96002731e-01  -5.87314157e-01  -8.46891293e-01
  -1.19632556e+00  -1.66360809e+00  -2.28495146e+00  -3.10711594e+00
  -4.19037738e+00  -5.61231025e+00  -7.47260592e+00  -9.89920485e+00
  -1.30560953e+01  -1.71532249e+01  -2.24590887e+01  -2.93167085e+01
  -3.81639032e+01]
Acumulated Error: 157.935524332
H: 0.025 N: 40
X: [ 0.     0.025  0.05   0.075  0.1    0.125  0.15   0.175  0.2    0.225
  0.25   0.275  0.3    0.325  0.35   0.375  0.4    0.425  0.45   0.475  0.5
  0.525  0.55   0.575  0.6    0.625  0.65   0.675  0.7    0.725  0.75
  0.775  0.8    0.825  0.85   0.875  0.9    0.925  0.95   0.975  1.   ]
Y: [  1.           1.13819444   1.29104938   1.46019376   1.64743751
   1.85479168   2.08449075   2.3390175    2.62113056   2.93389507
   3.28071674   3.66537971   4.09208857   4.56551507   5.09085008
   5.6738612    6.32095689   7.03925766   7.83667518   8.72200019
   9.70500022  10.79652802  12.00864224  13.35474138  14.84971264
  16.51009738  18.35427487  20.40266652  22.6779628   25.20537534
  28.01291704  31.13171338  34.5963482   38.445248    42.72110889
  47.47137098  52.74874554  58.6118006   65.12561178  72.36248531
  80.40276145]
Phi: [  1.           1.13114047   1.27541578   1.43420733   1.60904183
   1.80160651   2.01376608   2.24758134   2.50532985   2.78952869
   3.10295967   3.44869715   3.83013885   4.25103979   4.71554996
   5.22825577   5.794226     6.41906253   7.10895636   7.87074965
   8.71200412   9.64107677  10.66720353  11.80059167  13.05252195
  14.43546158  15.96318892  17.65093142  19.51551804  21.57554763
  23.8515751   26.36631715  29.14487961  32.21500872  35.60736881
  39.3558492   43.4979034   48.07492393  53.13265659  58.72165831
  64.89780316]
Error: [  0.00000000e+00  -7.05397923e-03  -1.56336074e-02  -2.59864246e-02
  -3.83956811e-02  -5.31851683e-02  -7.07246770e-02  -9.14361627e-02
  -1.15800706e-01  -1.44366371e-01  -1.77757068e-01  -2.16682557e-01
  -2.61949721e-01  -3.14475281e-01  -3.75300122e-01  -4.45605432e-01
  -5.26730888e-01  -6.20195130e-01  -7.27718811e-01  -8.51250544e-01
  -9.92996099e-01  -1.15545125e+00  -1.34143871e+00  -1.55414972e+00
  -1.79719069e+00  -2.07463580e+00  -2.39108595e+00  -2.75173510e+00
  -3.16244476e+00  -3.62982771e+00  -4.16134194e+00  -4.76539623e+00
  -5.45146859e+00  -6.23023928e+00  -7.11374008e+00  -8.11552178e+00
  -9.25084214e+00  -1.05368767e+01  -1.19929552e+01  -1.36408270e+01
  -1.55049583e+01]
Acumulated Error: 122.695371309
----------------------------------------------------------------
METHOD: ImpEuler
H: 0.1 N: 10
X: [ 0.   0.1  0.2  0.3  0.4  0.5  0.6  0.7  0.8  0.9  1. ]
Y: [  1.           1.515        2.2363       3.250546     4.68077532
   6.70170095   9.56141536  13.6122098   19.35433792  27.49815985
  39.05238699]
Phi: [  1.           1.60904183   2.50532985   3.83013885   5.794226
   8.71200412  13.05252195  19.51551804  29.14487961  43.4979034
  64.89780316]
Error: [  0.           0.09404183   0.26902985   0.57959285   1.11345068
   2.01030316   3.4911066    5.90330824   9.79054169  15.99974355
  25.84541618]
Acumulated Error: 65.0965346235
H: 0.05 N: 20
X: [ 0.    0.05  0.1   0.15  0.2   0.25  0.3   0.35  0.4   0.45  0.5   0.55
  0.6   0.65  0.7   0.75  0.8   0.85  0.9   0.95  1.  ]
Y: [  1.           1.25375      1.55701875   1.91995759   2.3547989
   2.87628268   3.50217062   4.2538656    5.15715805   6.24312545
   7.54921617   9.12055548  11.01151935  13.28763082  16.02784514
  19.32730339  23.30065059  28.08603396  33.84992092  40.79290471
  49.15670018]
Phi: [  1.           1.27541578   1.60904183   2.01376608   2.50532985
   3.10295967   3.83013885   4.71554996   5.794226     7.10895636
   8.71200412  10.66720353  13.05252195  15.96318892  19.51551804
  23.8515751   29.14487961  35.60736881  43.4979034   53.13265659
  64.89780316]
Error: [  0.           0.02166578   0.05202308   0.09380848   0.15053095
   0.226677     0.32796822   0.46168436   0.63706795   0.86583091
   1.16278795   1.54664805   2.0410026    2.67555809   3.4876729
   4.5242717    5.84422902   7.52133484   9.64798248  12.33975187
  15.74110298]
Acumulated Error: 69.3695992241
H: 0.025 N: 40
X: [ 0.     0.025  0.05   0.075  0.1    0.125  0.15   0.175  0.2    0.225
  0.25   0.275  0.3    0.325  0.35   0.375  0.4    0.425  0.45   0.475  0.5
  0.525  0.55   0.575  0.6    0.625  0.65   0.675  0.7    0.725  0.75
  0.775  0.8    0.825  0.85   0.875  0.9    0.925  0.95   0.975  1.   ]
Y: [  1.           1.1259375    1.26400117   1.41541879   1.58154244
   1.76386112   1.96401455   2.18380853   2.42523164   2.69047384
   2.98194682   3.30230644   3.65447746   4.04168081   4.46746349
   4.93573167   5.450787     6.01736668   6.64068756   7.32649467
   8.08111476   8.91151513   9.82536853  10.8311246   11.93808846
  13.15650742  14.49766629  15.97399251  17.59917175  19.38827539
  21.35790077  23.52632572  25.9136787   28.54212617  31.43607895
  34.62241944  38.13075191  41.99367804  46.24710044  50.93055686
  56.08758824]
Phi: [  1.           1.13114047   1.27541578   1.43420733   1.60904183
   1.80160651   2.01376608   2.24758134   2.50532985   2.78952869
   3.10295967   3.44869715   3.83013885   4.25103979   4.71554996
   5.22825577   5.794226     6.41906253   7.10895636   7.87074965
   8.71200412   9.64107677  10.66720353  11.80059167  13.05252195
  14.43546158  15.96318892  17.65093142  19.51551804  21.57554763
  23.8515751   26.36631715  29.14487961  32.21500872  35.60736881
  39.3558492   43.4979034   48.07492393  53.13265659  58.72165831
  64.89780316]
Error: [  0.00000000e+00   5.20296521e-03   1.14146034e-02   1.87885435e-02
   2.74993854e-02   3.77453935e-02   4.97515221e-02   6.37728132e-02
   8.00982123e-02   9.90548507e-02   1.21012851e-01   1.46390717e-01
   1.75661383e-01   2.09358987e-01   2.48086473e-01   2.92524105e-01
   3.43439007e-01   4.01695848e-01   4.68268808e-01   5.44254979e-01
   6.30889360e-01   7.29561645e-01   8.41834998e-01   9.69467068e-01
   1.11443349e+00   1.27895416e+00   1.46552262e+00   1.67693892e+00
   1.91634629e+00   2.18727224e+00   2.49367432e+00   2.83999142e+00
   3.23120091e+00   3.67288255e+00   4.17128986e+00   4.73342976e+00
   5.36715149e+00   6.08124589e+00   6.88555614e+00   7.79110145e+00
   8.81021492e+00]
Acumulated Error: 72.2329809466
----------------------------------------------------------------
METHOD: RungeKutta
H: 0.1 N: 10
X: [ 0.   0.1  0.2  0.3  0.4  0.5  0.6  0.7  0.8  0.9  1. ]
Y: [  1.           1.60893333   2.50500615   3.82941451   5.79278527
   8.70931755  13.04771263  19.50714785  29.13060936  43.47395433
  64.85810681]
Phi: [  1.           1.60904183   2.50532985   3.83013885   5.794226
   8.71200412  13.05252195  19.51551804  29.14487961  43.4979034
  64.89780316]
Error: [ 0.          0.0001085   0.0003237   0.00072434  0.00144073  0.00268657
  0.00480932  0.00837019  0.01427025  0.02394907  0.03969636]
Acumulated Error: 0.0963790238986
H: 0.05 N: 20
X: [ 0.    0.05  0.1   0.15  0.2   0.25  0.3   0.35  0.4   0.45  0.5   0.55
  0.6   0.65  0.7   0.75  0.8   0.85  0.9   0.95  1.  ]
Y: [  1.           1.2754125    1.60903383   2.01375142   2.50530598
   3.10292322   3.83008543   4.71547384   5.79411975   7.10881036
   8.71180597  10.66693732  13.05216724  15.96271957  19.51490068
  23.85076719  29.14382704  35.60600285  43.49613688  53.13037909
  64.89487502]
Phi: [  1.           1.27541578   1.60904183   2.01376608   2.50532985
   3.10295967   3.83013885   4.71554996   5.794226     7.10895636
   8.71200412  10.66720353  13.05252195  15.96318892  19.51551804
  23.8515751   29.14487961  35.60736881  43.4979034   53.13265659
  64.89780316]
Error: [  0.00000000e+00   3.27531520e-06   8.00094901e-06   1.46585552e-05
   2.38719728e-05   3.64465756e-05   5.34190772e-05   7.61204903e-05
   1.06255625e-04   1.46003363e-04   1.98143010e-04   2.66213360e-04
   3.54712761e-04   4.69350544e-04   6.17362740e-04   8.07908252e-04
   1.05256560e-03   1.36595540e-03   1.76651980e-03   2.27749803e-03
   2.92814656e-03]
Acumulated Error: 0.0125724279824
H: 0.025 N: 40
X: [ 0.     0.025  0.05   0.075  0.1    0.125  0.15   0.175  0.2    0.225
  0.25   0.275  0.3    0.325  0.35   0.375  0.4    0.425  0.45   0.475  0.5
  0.525  0.55   0.575  0.6    0.625  0.65   0.675  0.7    0.725  0.75
  0.775  0.8    0.825  0.85   0.875  0.9    0.925  0.95   0.975  1.   ]
Y: [  1.           1.13114036   1.27541555   1.43420697   1.60904129
   1.80160576   2.01376508   2.24758006   2.50532823   2.78952668
   3.1029572    3.44869414   3.83013522   4.25103545   4.71554479
   5.22824965   5.79421879   6.41905405   7.10894645   7.87073808
   8.71199066   9.64106116  10.66718545  11.80057078  13.05249786
  14.43543385  15.96315704  17.65089484  19.51547611  21.57549964
  23.85152023  26.36625449  29.14480813  32.21492725  35.60727604
  39.35574366  43.49778343  48.07478766  53.13250192  58.72148288
  64.89760431]
Phi: [  1.           1.13114047   1.27541578   1.43420733   1.60904183
   1.80160651   2.01376608   2.24758134   2.50532985   2.78952869
   3.10295967   3.44869715   3.83013885   4.25103979   4.71554996
   5.22825577   5.794226     6.41906253   7.10895636   7.87074965
   8.71200412   9.64107677  10.66720353  11.80059167  13.05252195
  14.43546158  15.96318892  17.65093142  19.51551804  21.57554763
  23.8515751   26.36631715  29.14487961  32.21500872  35.60736881
  39.3558492   43.4979034   48.07492393  53.13265659  58.72165831
  64.89780316]
Error: [  0.00000000e+00   1.00631498e-07   2.22430002e-07   3.68734740e-07
   5.43353194e-07   7.50622657e-07   9.95479559e-07   1.28353752e-06
   1.62117518e-06   2.01563504e-06   2.47513461e-06   3.00899135e-06
   3.62776321e-06   4.34340642e-06   5.16945292e-06   6.12120944e-06
   7.21598122e-06   8.47332306e-06   9.91532103e-06   1.15669087e-05
   1.34562217e-05   1.56149955e-05   1.80790115e-05   2.08885969e-05
   2.40891849e-05   2.77319433e-05   3.18744776e-05   3.65816191e-05
   4.19263081e-05   4.79905823e-05   5.48666833e-05   6.26582958e-05
   7.14819341e-05   8.14684939e-05   9.27649888e-05   1.05536492e-04
   1.19968311e-04   1.36268413e-04   1.54670148e-04   1.75435284e-04
   1.98857401e-04]
Acumulated Error: 0.00160202847802
----------------------------------------------------------------
METHOD: Taylor
H: 0.1 N: 10
X: [ 0.   0.1  0.2  0.3  0.4  0.5  0.6  0.7  0.8  0.9  1. ]
Y: [  1.           1.595        2.4636       3.737128     5.60994944
   8.36972517  12.44219325  18.45744601  27.3480201   40.49406975
  59.93822323]
Phi: [  1.           1.60904183   2.50532985   3.83013885   5.794226
   8.71200412  13.05252195  19.51551804  29.14487961  43.4979034
  64.89780316]
Error: [ 0.          0.01404183  0.04172985  0.09301085  0.18427656  0.34227895
  0.6103287   1.05807203  1.79685951  3.00383365  4.95957993]
Acumulated Error: 12.1040118514
H: 0.05 N: 20
X: [ 0.    0.05  0.1   0.15  0.2   0.25  0.3   0.35  0.4   0.45  0.5   0.55
  0.6   0.65  0.7   0.75  0.8   0.85  0.9   0.95  1.  ]
Y: [  1.           1.27375      1.604975     2.0063195    2.49320979
   3.08446594   3.80304845   4.67696911   5.74040232   7.03504082
   8.61174981  10.53258476  12.87325341  15.72611916  19.20386538
  23.44396576  28.61413823  34.91899864  42.60817834  51.98622757
  63.42469764]
Phi: [  1.           1.27541578   1.60904183   2.01376608   2.50532985
   3.10295967   3.83013885   4.71554996   5.794226     7.10895636
   8.71200412  10.66720353  13.05252195  15.96318892  19.51551804
  23.8515751   29.14487961  35.60736881  43.4979034   53.13265659
  64.89780316]
Error: [ 0.          0.00166578  0.00406683  0.00744658  0.01212006  0.01849373
  0.02709039  0.03858085  0.05382369  0.07391554  0.10025431  0.13461877
  0.17926854  0.23706976  0.31165266  0.40760934  0.53074138  0.68837017
  0.88972506  1.14642901  1.47310553]
Acumulated Error: 6.33604797579
H: 0.025 N: 40
X: [ 0.     0.025  0.05   0.075  0.1    0.125  0.15   0.175  0.2    0.225
  0.25   0.275  0.3    0.325  0.35   0.375  0.4    0.425  0.45   0.475  0.5
  0.525  0.55   0.575  0.6    0.625  0.65   0.675  0.7    0.725  0.75
  0.775  0.8    0.825  0.85   0.875  0.9    0.925  0.95   0.975  1.   ]
Y: [  1.           1.1309375    1.27496719   1.43346374   1.60794619
   1.80009303   2.01175905   2.24499375   2.50206185   2.78546584
   3.09797101   3.44263296   3.82282817   4.24228763   4.70513408
   5.21592316   5.77968884   6.40199367   7.08898425   7.8474526
   8.68490387   9.60963128  10.63079882  11.75853269  13.00402237
  14.37963222  15.89902486  17.57729747  19.43113245  21.47896386
  23.74116131  26.24023325  29.00105149  32.0510994   35.42074609
  39.14354943  43.25659087  47.80084541  52.82159043  58.36885742
  64.4979312 ]
Phi: [  1.           1.13114047   1.27541578   1.43420733   1.60904183
   1.80160651   2.01376608   2.24758134   2.50532985   2.78952869
   3.10295967   3.44869715   3.83013885   4.25103979   4.71554996
   5.22825577   5.794226     6.41906253   7.10895636   7.87074965
   8.71200412   9.64107677  10.66720353  11.80059167  13.05252195
  14.43546158  15.96318892  17.65093142  19.51551804  21.57554763
  23.8515751   26.36631715  29.14487961  32.21500872  35.60736881
  39.3558492   43.4979034   48.07492393  53.13265659  58.72165831
  64.89780316]
Error: [  0.00000000e+00   2.02965215e-04   4.48587815e-04   7.43591809e-04
   1.09564333e-03   1.51347440e-03   2.00702228e-03   2.58758635e-03
   3.26800467e-03   4.06285256e-03   4.98866595e-03   6.06419253e-03
   7.31067395e-03   8.75216295e-03   1.04158797e-02   1.23326115e-02
   1.45371627e-02   1.70688581e-02   1.99721091e-02   2.32970486e-02
   2.71002427e-02   3.14454895e-02   3.64047144e-02   4.20589732e-02
   4.84995774e-02   5.58293544e-02   6.41640592e-02   7.36339559e-02
   8.43855892e-02   9.65837673e-02   1.10413782e-01   1.26083895e-01
   1.43828116e-01   1.63909318e-01   1.86622719e-01   2.12299774e-01
   2.41312535e-01   2.74078520e-01   3.11066161e-01   3.52800893e-01
   3.99871966e-01]
Acumulated Error: 3.22306249509
METHOD: Adams-Bashforth1
H: 0.1 N: 10
X: [ 0.   0.1  0.2  0.3  0.4  0.5  0.6  0.7  0.8  0.9  1. ]
Y: [  1.           1.60893333   2.45929333   3.68808267   5.4740736
   8.07590123  11.87162724  17.41442334  25.5137519   37.35411837
  54.66883901]
Phi: [  1.           1.60904183   2.50532985   3.83013885   5.794226
   8.71200412  13.05252195  19.51551804  29.14487961  43.4979034
  64.89780316]
Error: [  0.00000000e+00   1.08495116e-04   4.60365193e-02   1.42056179e-01
   3.20152404e-01   6.36102891e-01   1.18089471e+00   2.10109470e+00
   3.63112771e+00   6.14378503e+00   1.02289641e+01]
Acumulated Error: 24.4303227841
H: 0.05 N: 20
X: [ 0.    0.05  0.1   0.15  0.2   0.25  0.3   0.35  0.4   0.45  0.5   0.55
  0.6   0.65  0.7   0.75  0.8   0.85  0.9   0.95  1.  ]
Y: [  1.           1.2754125    1.60428625   2.00178088   2.48313651
   3.06664938   3.77458054   4.63403977   5.67804364   6.94680276
   8.48928922  10.36514571  12.6470105   15.42334908  18.80190275
  22.91388867  27.919115    34.01221063  41.43021232  50.46180495
  61.45857521]
Phi: [  1.           1.27541578   1.60904183   2.01376608   2.50532985
   3.10295967   3.83013885   4.71554996   5.794226     7.10895636
   8.71200412  10.66720353  13.05252195  15.96318892  19.51551804
  23.8515751   29.14487961  35.60736881  43.4979034   53.13265659
  64.89780316]
Error: [  0.00000000e+00   3.27531520e-06   4.75557845e-03   1.19852005e-02
   2.21933401e-02   3.63102925e-02   5.55583046e-02   8.15101950e-02
   1.16182363e-01   1.62153607e-01   2.22714898e-01   3.02057820e-01
   4.05511451e-01   5.39839836e-01   7.13615286e-01   9.37686423e-01
   1.22576461e+00   1.59515817e+00   2.06769108e+00   2.67085163e+00
   3.43922796e+00]
Acumulated Error: 14.6107713207
H: 0.025 N: 40
X: [ 0.     0.025  0.05   0.075  0.1    0.125  0.15   0.175  0.2    0.225
  0.25   0.275  0.3    0.325  0.35   0.375  0.4    0.425  0.45   0.475  0.5
  0.525  0.55   0.575  0.6    0.625  0.65   0.675  0.7    0.725  0.75
  0.775  0.8    0.825  0.85   0.875  0.9    0.925  0.95   0.975  1.   ]
Y: [  1.           1.13114036   1.27487392   1.43298549   1.60700212
   1.79859066   2.00959165   2.24203837   2.49817704   2.78048918
   3.0917162    3.43488667   3.81334636   4.23079149   4.69130539
   5.19939912   5.76005622   6.3787822    7.06165922   7.81540649
   8.64744701   9.56598123  10.58006857  11.69971729  12.93598395
  14.30108318  15.80850896  17.47316865  19.311531    21.34178971
  23.58404412  26.06049875  28.79568386  31.816699    35.15348216
  38.83910703  42.91011148  47.40686035  52.37394633  57.86063276
  63.92134286]
Phi: [  1.           1.13114047   1.27541578   1.43420733   1.60904183
   1.80160651   2.01376608   2.24758134   2.50532985   2.78952869
   3.10295967   3.44869715   3.83013885   4.25103979   4.71554996
   5.22825577   5.794226     6.41906253   7.10895636   7.87074965
   8.71200412   9.64107677  10.66720353  11.80059167  13.05252195
  14.43546158  15.96318892  17.65093142  19.51551804  21.57554763
  23.8515751   26.36631715  29.14487961  32.21500872  35.60736881
  39.3558492   43.4979034   48.07492393  53.13265659  58.72165831
  64.89780316]
Error: [  0.00000000e+00   1.00631498e-07   5.41856044e-04   1.22184506e-03
   2.03971214e-03   3.01584965e-03   4.17442307e-03   5.54297284e-03
   7.15281283e-03   9.03951714e-03   1.12434693e-02   1.38104800e-02
   1.67924814e-02   2.02483075e-02   2.42445708e-02   2.88566469e-02
   3.41697808e-02   4.02803272e-02   4.72971446e-02   5.53431579e-02
   6.45571123e-02   7.50955399e-02   8.71349648e-02   1.00874376e-01
   1.16537998e-01   1.34378396e-01   1.54679954e-01   1.77762776e-01
   2.03987044e-01   2.33757912e-01   2.67530975e-01   3.05818393e-01
   3.49195749e-01   3.98309716e-01   4.53886647e-01   5.16742168e-01
   5.87791922e-01   6.68063577e-01   7.58710257e-01   8.61025552e-01
   9.76460306e-01]
Acumulated Error: 7.81731679101
METHOD: Adams-Bashforth2
H: 0.1 N: 10
X: [ 0.   0.1  0.2  0.3  0.4  0.5  0.6  0.7  0.8  0.9  1. ]
Y: [  1.           1.60893333   2.50500615   3.80907976   5.72652651
   8.55785532  12.74457689  18.94065076  28.11601788  41.70904733
  61.85254921]
Phi: [  1.           1.60904183   2.50532985   3.83013885   5.794226
   8.71200412  13.05252195  19.51551804  29.14487961  43.4979034
  64.89780316]
Error: [  0.00000000e+00   1.08495116e-04   3.23701474e-04   2.10590899e-02
   6.76994937e-02   1.54148794e-01   3.07945060e-01   5.74867285e-01
   1.02886173e+00   1.78885607e+00   3.04525395e+00]
Acumulated Error: 6.98912367228
H: 0.05 N: 20
X: [ 0.    0.05  0.1   0.15  0.2   0.25  0.3   0.35  0.4   0.45  0.5   0.55
  0.6   0.65  0.7   0.75  0.8   0.85  0.9   0.95  1.  ]
Y: [  1.           1.2754125    1.60903383   2.01280346   2.50283681
   3.09834615   3.82260598   4.70403236   5.77732869   7.08486322
   8.67835917  10.62096072  12.98975515  15.87885169  19.4031402
  23.70287975  28.94930057  35.35144288  43.1645058   52.70003998
  64.33839066]
Phi: [  1.           1.27541578   1.60904183   2.01376608   2.50532985
   3.10295967   3.83013885   4.71554996   5.794226     7.10895636
   8.71200412  10.66720353  13.05252195  15.96318892  19.51551804
  23.8515751   29.14487961  35.60736881  43.4979034   53.13265659
  64.89780316]
Error: [  0.00000000e+00   3.27531520e-06   8.00094901e-06   9.62614089e-04
   2.49304335e-03   4.61352259e-03   7.53286740e-03   1.15175961e-02
   1.68973149e-02   2.40931431e-02   3.36449487e-02   4.62428152e-02
   6.27668057e-02   8.43372241e-02   1.12377846e-01   1.48695349e-01
   1.95579036e-01   2.55925930e-01   3.33397597e-01   4.32616608e-01
   5.59412504e-01]
Acumulated Error: 2.33311804096
H: 0.025 N: 40
X: [ 0.     0.025  0.05   0.075  0.1    0.125  0.15   0.175  0.2    0.225
  0.25   0.275  0.3    0.325  0.35   0.375  0.4    0.425  0.45   0.475  0.5
  0.525  0.55   0.575  0.6    0.625  0.65   0.675  0.7    0.725  0.75
  0.775  0.8    0.825  0.85   0.875  0.9    0.925  0.95   0.975  1.   ]
Y: [  1.           1.13114036   1.27541555   1.43415565   1.60892343
   1.80140948   2.01347549   2.24717967   2.50479694   2.78884137
   3.10209136   3.4476174    3.82881278   4.24942754   4.71360601
   5.22592819   5.79145561   6.41578192   7.10508888   7.86620815
   8.70668961   9.6348769   10.65999086  11.79222176  13.04283118
  14.42426471  15.95027636  17.63606617  19.4984322   21.55593857
  23.82910109  26.34059249  29.11546919  32.18142182  35.5690523
  39.3121798   43.44817903  48.01835405  53.06835137  58.64861646
  64.81489836]
Phi: [  1.           1.13114047   1.27541578   1.43420733   1.60904183
   1.80160651   2.01376608   2.24758134   2.50532985   2.78952869
   3.10295967   3.44869715   3.83013885   4.25103979   4.71554996
   5.22825577   5.794226     6.41906253   7.10895636   7.87074965
   8.71200412   9.64107677  10.66720353  11.80059167  13.05252195
  14.43546158  15.96318892  17.65093142  19.51551804  21.57554763
  23.8515751   26.36631715  29.14487961  32.21500872  35.60736881
  39.3558492   43.4979034   48.07492393  53.13265659  58.72165831
  64.89780316]
Error: [  0.00000000e+00   1.00631498e-07   2.22430002e-07   5.16820861e-05
   1.18401783e-04   1.97031064e-04   2.90585701e-04   4.01669095e-04
   5.32915001e-04   6.87321275e-04   8.68306922e-04   1.07975492e-03
   1.32607055e-03   1.61224864e-03   1.94394893e-03   2.32758067e-03
   2.77039768e-03   3.28060508e-03   3.86747914e-03   4.54150184e-03
   5.31451188e-03   6.19987408e-03   7.21266944e-03   8.36990829e-03
   9.69076926e-03   1.11968672e-02   1.29125537e-02   1.48652530e-02
   1.70858399e-02   1.96090612e-02   2.24740093e-02   2.57246517e-02
   2.94104239e-02   3.35868934e-02   3.83165023e-02   4.36693993e-02
   4.97243694e-02   5.65698748e-02   6.43052188e-02   7.30418479e-02
   8.29048070e-02]
Acumulated Error: 0.65808312927
METHOD: Adams-Bashforth3
H: 0.1 N: 10
X: [ 0.   0.1  0.2  0.3  0.4  0.5  0.6  0.7  0.8  0.9  1. ]
Y: [  1.           1.60893333   2.50500615   3.82941451   5.78363065
   8.67811494  12.97653818  19.36537855  28.86567263  42.9987316
  64.03016019]
Phi: [  1.           1.60904183   2.50532985   3.83013885   5.794226
   8.71200412  13.05252195  19.51551804  29.14487961  43.4979034
  64.89780316]
Error: [  0.00000000e+00   1.08495116e-04   3.23701474e-04   7.24336599e-04
   1.05953545e-02   3.38891801e-02   7.59837694e-02   1.50139488e-01
   2.79206982e-01   4.99171806e-01   8.67642974e-01]
Acumulated Error: 1.91778608749
H: 0.05 N: 20
X: [ 0.    0.05  0.1   0.15  0.2   0.25  0.3   0.35  0.4   0.45  0.5   0.55
  0.6   0.65  0.7   0.75  0.8   0.85  0.9   0.95  1.  ]
Y: [  1.           1.2754125    1.60903383   2.01375142   2.50511471
   3.10241066   3.82914663   4.71394927   5.79178861   7.10538941
   8.70692852  10.66012626  13.04280519  15.95001092  19.49782266
  23.82800814  29.11370871  35.56638236  43.44428331  53.06281807
  64.80719347]
Phi: [  1.           1.27541578   1.60904183   2.01376608   2.50532985
   3.10295967   3.83013885   4.71554996   5.794226     7.10895636
   8.71200412  10.66720353  13.05252195  15.96318892  19.51551804
  23.8515751   29.14487961  35.60736881  43.4979034   53.13265659
  64.89780316]
Error: [  0.00000000e+00   3.27531520e-06   8.00094901e-06   1.46585552e-05
   2.15147281e-04   5.49013394e-04   9.92216601e-04   1.60068872e-03
   2.43739181e-03   3.56695197e-03   5.07559761e-03   7.07727332e-03
   9.71675966e-03   1.31779998e-02   1.76953830e-02   2.35669562e-02
   3.11709016e-02   4.09864427e-02   5.36200923e-02   6.98385138e-02
   9.06096942e-02]
Acumulated Error: 0.371922958764
H: 0.025 N: 40
X: [ 0.     0.025  0.05   0.075  0.1    0.125  0.15   0.175  0.2    0.225
  0.25   0.275  0.3    0.325  0.35   0.375  0.4    0.425  0.45   0.475  0.5
  0.525  0.55   0.575  0.6    0.625  0.65   0.675  0.7    0.725  0.75
  0.775  0.8    0.825  0.85   0.875  0.9    0.925  0.95   0.975  1.   ]
Y: [  1.           1.13114036   1.27541555   1.43420697   1.60903638
   1.8015943    2.01374621   2.2475523    2.50528985   2.78947575
   3.10289152   3.44861118   3.83003205   4.25090875   4.71539075
   5.22806392   5.79399641   6.41878936   7.10863301   7.87036857
   8.71155675   9.64055339  10.66659309  11.79988164  13.05169815
  14.43450792  15.96208721  17.64966106  19.51405574  21.57386707
  23.84964655  26.36410703  29.14235003  32.21211693  35.6040666
  39.35208223  43.49361044  48.07003599  53.12709602  58.71533771
  64.89062415]
Phi: [  1.           1.13114047   1.27541578   1.43420733   1.60904183
   1.80160651   2.01376608   2.24758134   2.50532985   2.78952869
   3.10295967   3.44869715   3.83013885   4.25103979   4.71554996
   5.22825577   5.794226     6.41906253   7.10895636   7.87074965
   8.71200412   9.64107677  10.66720353  11.80059167  13.05252195
  14.43546158  15.96318892  17.65093142  19.51551804  21.57554763
  23.8515751   26.36631715  29.14487961  32.21500872  35.60736881
  39.3558492   43.4979034   48.07492393  53.13265659  58.72165831
  64.89780316]
Error: [  0.00000000e+00   1.00631498e-07   2.22430002e-07   3.68734740e-07
   5.45085911e-06   1.22063977e-05   1.98641482e-05   2.90410771e-05
   4.00044733e-05   5.29418117e-05   6.81497662e-05   8.59737230e-05
   1.06793826e-04   1.31041811e-04   1.59208823e-04   1.91851118e-04
   2.29598404e-04   2.73163405e-04   3.23352316e-04   3.81076545e-04
   4.47365941e-04   5.23383626e-04   6.10442636e-04   7.10024585e-04
   8.23800610e-04   9.53654837e-04   1.10171070e-03   1.27036045e-03
   1.46229819e-03   1.68055692e-03   1.92855000e-03   2.21011766e-03
   2.52957898e-03   2.89179016e-03   3.30220970e-03   3.76697143e-03
   4.29296612e-03   4.88793289e-03   5.56056144e-03   6.32060633e-03
   7.17901495e-03]
Acumulated Error: 0.0565643084669
METHOD: Adams-Bashforth4
H: 0.1 N: 10
X: [ 0.   0.1  0.2  0.3  0.4  0.5  0.6  0.7  0.8  0.9  1. ]
Y: [  1.           1.60893333   2.50500615   3.82941451   5.79278527
   8.25415012  11.54942285  16.3435575   23.17696212  32.68391019
  46.02118365]
Phi: [  1.           1.60904183   2.50532985   3.83013885   5.794226
   8.71200412  13.05252195  19.51551804  29.14487961  43.4979034
  64.89780316]
Error: [  0.00000000e+00   1.08495116e-04   3.23701474e-04   7.24336599e-04
   1.44073352e-03   4.57853994e-01   1.50309910e+00   3.17196054e+00
   5.96791749e+00   1.08139932e+01   1.88766195e+01]
Acumulated Error: 40.794041114
H: 0.05 N: 20
X: [ 0.    0.05  0.1   0.15  0.2   0.25  0.3   0.35  0.4   0.45  0.5   0.55
  0.6   0.65  0.7   0.75  0.8   0.85  0.9   0.95  1.  ]
Y: [  1.           1.2754125    1.60903383   2.01375142   2.50530598
   3.04951532   3.69008194   4.47183883   5.4076732    6.52178528
   7.85848238   9.46404032  11.38860355  13.69635315  16.46595999
  19.78988616  23.77885581  28.56677181  34.31440674  41.21444261
  49.49836753]
Phi: [  1.           1.27541578   1.60904183   2.01376608   2.50532985
   3.10295967   3.83013885   4.71554996   5.794226     7.10895636
   8.71200412  10.66720353  13.05252195  15.96318892  19.51551804
  23.8515751   29.14487961  35.60736881  43.4979034   53.13265659
  64.89780316]
Error: [  0.00000000e+00   3.27531520e-06   8.00094901e-06   1.46585552e-05
   2.38719728e-05   5.34443521e-02   1.40056903e-01   2.43711127e-01
   3.86552807e-01   5.87171087e-01   8.53521735e-01   1.20316321e+00
   1.66391841e+00   2.26683577e+00   3.04955805e+00   4.06168893e+00
   5.36602380e+00   7.04059700e+00   9.18349666e+00   1.19182140e+01
   1.53994356e+01]
Acumulated Error: 63.4174392544
H: 0.025 N: 40
X: [ 0.     0.025  0.05   0.075  0.1    0.125  0.15   0.175  0.2    0.225
  0.25   0.275  0.3    0.325  0.35   0.375  0.4    0.425  0.45   0.475  0.5
  0.525  0.55   0.575  0.6    0.625  0.65   0.675  0.7    0.725  0.75
  0.775  0.8    0.825  0.85   0.875  0.9    0.925  0.95   0.975  1.   ]
Y: [  1.           1.13114036   1.27541555   1.43420697   1.60904129
   1.79259808   1.99300085   2.21436328   2.45683598   2.72253464
   3.01437467   3.33485368   3.68671381   4.0731594    4.49767078
   4.96403588   5.47644327   6.03950645   6.65829345   7.33837959
   8.08590009   8.90760361   9.81091384  10.8039976   11.89583904
  13.09632136  14.41631681  15.86778572  17.46388532  19.21908958
  21.14932093  23.27209527  25.60668139  28.17427641  30.99819876
  34.10410048  37.52020073  41.27754272  45.41027631  49.95596893
  54.95594756]
Phi: [  1.           1.13114047   1.27541578   1.43420733   1.60904183
   1.80160651   2.01376608   2.24758134   2.50532985   2.78952869
   3.10295967   3.44869715   3.83013885   4.25103979   4.71554996
   5.22825577   5.794226     6.41906253   7.10895636   7.87074965
   8.71200412   9.64107677  10.66720353  11.80059167  13.05252195
  14.43546158  15.96318892  17.65093142  19.51551804  21.57554763
  23.8515751   26.36631715  29.14487961  32.21500872  35.60736881
  39.3558492   43.4979034   48.07492393  53.13265659  58.72165831
  64.89780316]
Error: [  0.00000000e+00   1.00631498e-07   2.22430002e-07   3.68734740e-07
   5.43353194e-07   9.00842701e-03   2.07652284e-02   3.32180592e-02
   4.84938735e-02   6.69940580e-02   8.85850016e-02   1.13843475e-01
   1.43425040e-01   1.77880392e-01   2.17879185e-01   2.64219886e-01
   3.17782735e-01   3.79556078e-01   4.50662917e-01   5.32370057e-01
   6.26104031e-01   7.33473157e-01   8.56289686e-01   9.96594069e-01
   1.15668291e+00   1.33914022e+00   1.54687210e+00   1.78314570e+00
   2.05163272e+00   2.35645805e+00   2.70225416e+00   3.09422188e+00
   3.53819822e+00   4.04073231e+00   4.60917005e+00   5.25174872e+00
   5.97770267e+00   6.79738121e+00   7.72238028e+00   8.76568938e+00
   9.94185560e+00]
Acumulated Error: 78.7524127807
METHOD: Adams-Multon1
H: 0.1 N: 10
X: [ 0.   0.1  0.2  0.3  0.4  0.5  0.6  0.7  0.8  0.9  1. ]
Y: [  1.           1.61875      2.534375     3.8953125    5.92421875
   8.95507812  13.48886719  20.27705078  30.44682617  45.68898926
  68.53973389]
Phi: [  1.           1.60904183   2.50532985   3.83013885   5.794226
   8.71200412  13.05252195  19.51551804  29.14487961  43.4979034
  64.89780316]
Error: [ 0.         -0.00970817 -0.02904515 -0.06517365 -0.12999275 -0.24307401
 -0.43634524 -0.76153274 -1.30194656 -2.19108586 -3.64193072]
Acumulated Error: 8.80983484394
H: 0.05 N: 20
X: [ 0.    0.05  0.1   0.15  0.2   0.25  0.3   0.35  0.4   0.45  0.5   0.55
  0.6   0.65  0.7   0.75  0.8   0.85  0.9   0.95  1.  ]
Y: [  1.           1.27638889   1.61141975   2.01812414   2.51242951
   3.11380273   3.84603667   4.73821149   5.8258696    7.15245173
   8.77105211  10.74656369  13.15830007  16.10320009  19.69974455
  24.09274334  29.4591863   36.01539437  44.02575978  53.81342863
  65.77335721]
Phi: [  1.           1.27541578   1.60904183   2.01376608   2.50532985
   3.10295967   3.83013885   4.71554996   5.794226     7.10895636
   8.71200412  10.66720353  13.05252195  15.96318892  19.51551804
  23.8515751   29.14487961  35.60736881  43.4979034   53.13265659
  64.89780316]
Error: [ 0.         -0.00097311 -0.00237792 -0.00435807 -0.00709966 -0.01084306
 -0.01589783 -0.02266153 -0.03164359 -0.04349536 -0.059048   -0.07936016
 -0.10577812 -0.14001117 -0.18422651 -0.24116824 -0.31430669 -0.40802556
 -0.52785638 -0.68077204 -0.87555405]
Acumulated Error: 3.75545705449
H: 0.025 N: 40
X: [ 0.     0.025  0.05   0.075  0.1    0.125  0.15   0.175  0.2    0.225
  0.25   0.275  0.3    0.325  0.35   0.375  0.4    0.425  0.45   0.475  0.5
  0.525  0.55   0.575  0.6    0.625  0.65   0.675  0.7    0.725  0.75
  0.775  0.8    0.825  0.85   0.875  0.9    0.925  0.95   0.975  1.   ]
Y: [  1.           1.13125      1.27565789   1.43460873   1.60963333
   1.80242368   2.01484986   2.24897879   2.50709498   2.79172339
   3.1056548    3.45197373   3.83408939   4.25576985   4.72117983
   5.23492245   5.80208534   6.42829169   7.1197566    7.8833494
   8.7266625    9.6580875   10.68689934  11.82334927  13.07876761
  14.46567736  15.99791972  17.69079284  19.56120525  21.62784527
  23.91136846  26.43460461  29.22278668  32.3038037   35.7084804
  39.47088623  43.62867689  48.22347183  53.30127149  58.91291849
  65.11460728]
Phi: [  1.           1.13114047   1.27541578   1.43420733   1.60904183
   1.80160651   2.01376608   2.24758134   2.50532985   2.78952869
   3.10295967   3.44869715   3.83013885   4.25103979   4.71554996
   5.22825577   5.794226     6.41906253   7.10895636   7.87074965
   8.71200412   9.64107677  10.66720353  11.80059167  13.05252195
  14.43546158  15.96318892  17.65093142  19.51551804  21.57554763
  23.8515751   26.36631715  29.14487961  32.21500872  35.60736881
  39.3558492   43.4979034   48.07492393  53.13265659  58.72165831
  64.89780316]
Error: [  0.00000000e+00  -1.09534785e-04  -2.42119422e-04  -4.01391765e-04
  -5.91500025e-04  -8.17169883e-04  -1.08378010e-03  -1.39744760e-03
  -1.76512332e-03  -2.19469992e-03  -2.69513306e-03  -3.27657770e-03
  -3.95054129e-03  -4.73005604e-03  -5.62987230e-03  -6.66667589e-03
  -7.85933210e-03  -9.22915956e-03  -1.08002377e-02  -1.25997516e-02
  -1.46583793e-02  -1.70107253e-02  -1.96958076e-02  -2.27576034e-02
  -2.62456606e-02  -3.02157829e-02  -3.47307985e-02  -3.98614197e-02
  -4.56872068e-02  -5.22976473e-02  -5.97933640e-02  -6.82874672e-02
  -7.79070695e-02  -8.87949791e-02  -1.01111596e-01  -1.15037033e-01
  -1.30773489e-01  -1.48547899e-01  -1.68614906e-01  -1.91260179e-01
  -2.16804116e-01]
Acumulated Error: 1.74613323245
METHOD: Adams-Multon2
H: 0.1 N: 10
X: [ 0.   0.1  0.2  0.3  0.4  0.5  0.6  0.7  0.8  0.9  1. ]
Y: [  1.           1.60893333   2.50757867   3.83716224   5.81018346
   8.74399237  13.11246106  19.62318112  29.33273685  43.81883277
  65.43731634]
Phi: [  1.           1.60904183   2.50532985   3.83013885   5.794226
   8.71200412  13.05252195  19.51551804  29.14487961  43.4979034
  64.89780316]
Error: [  0.00000000e+00   1.08495116e-04  -2.24881408e-03  -7.02339425e-03
  -1.59574542e-02  -3.19882493e-02  -5.99391071e-02  -1.07663075e-01
  -1.87857244e-01  -3.20929370e-01  -5.39513174e-01]
Acumulated Error: 1.27322837656
H: 0.05 N: 20
X: [ 0.    0.05  0.1   0.15  0.2   0.25  0.3   0.35  0.4   0.45  0.5   0.55
  0.6   0.65  0.7   0.75  0.8   0.85  0.9   0.95  1.  ]
Y: [  1.           1.2754125    1.60914636   2.014028     2.50581378
   3.10375107   3.83135017   4.71732837   5.79676325   7.11250133
   8.71687867  10.6738227   13.06141936  15.97504898  19.53121656
  23.8722305   29.1719174   35.64260278  43.54363767  53.19181379
  64.97408546]
Phi: [  1.           1.27541578   1.60904183   2.01376608   2.50532985
   3.10295967   3.83013885   4.71554996   5.794226     7.10895636
   8.71200412  10.66720353  13.05252195  15.96318892  19.51551804
  23.8515751   29.14487961  35.60736881  43.4979034   53.13265659
  64.89780316]
Error: [  0.00000000e+00   3.27531520e-06  -1.04535187e-04  -2.61928668e-04
  -4.83927731e-04  -7.91402474e-04  -1.21132218e-03  -1.77840929e-03
  -2.53725033e-03  -3.54496187e-03  -4.87455350e-03  -6.61916580e-03
  -8.89740586e-03  -1.18600587e-02  -1.56985222e-02  -2.06554001e-02
  -2.70377944e-02  -3.52339745e-02  -4.57342652e-02  -5.91572065e-02
  -7.62822940e-02]
Acumulated Error: 0.322767653821
H: 0.025 N: 40
X: [ 0.     0.025  0.05   0.075  0.1    0.125  0.15   0.175  0.2    0.225
  0.25   0.275  0.3    0.325  0.35   0.375  0.4    0.425  0.45   0.475  0.5
  0.525  0.55   0.575  0.6    0.625  0.65   0.675  0.7    0.725  0.75
  0.775  0.8    0.825  0.85   0.875  0.9    0.925  0.95   0.975  1.   ]
Y: [  1.           1.13114036   1.27542145   1.43422004   1.60906299
   1.80163777   2.01380931   2.24763873   2.5054039    2.78962227
   3.10307605   3.44884011   3.83031268   4.25124942   4.71580098
   5.22855457   5.79457986   6.41947972   7.1094463    7.87132301
   8.71267304   9.64185501  10.66810668  11.80163739  13.05373025
  14.43685509  15.96479323  17.65277546  19.51763448  21.57797338
  23.85435181  26.36949181  29.14850521  32.219145    35.61208309
  39.36121731  43.50401072  48.08186656  53.14054269  58.73060954
  64.90795634]
Phi: [  1.           1.13114047   1.27541578   1.43420733   1.60904183
   1.80160651   2.01376608   2.24758134   2.50532985   2.78952869
   3.10295967   3.44869715   3.83013885   4.25103979   4.71554996
   5.22825577   5.794226     6.41906253   7.10895636   7.87074965
   8.71200412   9.64107677  10.66720353  11.80059167  13.05252195
  14.43546158  15.96318892  17.65093142  19.51551804  21.57554763
  23.8515751   26.36631715  29.14487961  32.21500872  35.60736881
  39.3558492   43.4979034   48.07492393  53.13265659  58.72165831
  64.89780316]
Error: [  0.00000000e+00   1.00631498e-07  -5.67396016e-06  -1.27107223e-05
  -2.11652443e-05  -3.12575482e-05  -4.32386136e-05  -5.73940996e-05
  -7.40488603e-05  -9.35720294e-05  -1.16382741e-04  -1.42956565e-04
  -1.73832738e-04  -2.09622302e-04  -2.51017235e-04  -2.98800725e-04
  -3.53858694e-04  -4.17192751e-04  -4.89934723e-04  -5.73362966e-04
  -6.68920671e-04  -7.78236393e-04  -9.03147078e-04  -1.04572388e-03
  -1.20830113e-03  -1.39350874e-03  -1.60430858e-03  -1.84403525e-03
  -2.11644165e-03  -2.42575013e-03  -2.77670971e-03  -3.17466017e-03
  -3.62560376e-03  -4.13628550e-03  -4.71428303e-03  -5.36810712e-03
  -6.10731416e-03  -6.94263193e-03  -7.88610031e-03  -8.95122859e-03
  -1.01531714e-02]
Acumulated Error: 0.081190592348
METHOD: Adams-Multon3
H: 0.1 N: 10
X: [ 0.   0.1  0.2  0.3  0.4  0.5  0.6  0.7  0.8  0.9  1. ]
Y: [  1.           1.60893333   2.50500615   3.83040822   5.7958069
   8.71611197  13.0612592   19.53244556  29.17594148  43.55290997
  64.99279658]
Phi: [  1.           1.60904183   2.50532985   3.83013885   5.794226
   8.71200412  13.05252195  19.51551804  29.14487961  43.4979034
  64.89780316]
Error: [ 0.          0.0001085   0.0003237  -0.00026938 -0.0015809  -0.00410785
 -0.00873725 -0.01692752 -0.03106187 -0.05500657 -0.09499342]
Acumulated Error: 0.21311695361
H: 0.05 N: 20
X: [ 0.    0.05  0.1   0.15  0.2   0.25  0.3   0.35  0.4   0.45  0.5   0.55
  0.6   0.65  0.7   0.75  0.8   0.85  0.9   0.95  1.  ]
Y: [  1.           1.2754125    1.60903383   2.01377153   2.50535573
   3.10301461   3.83023445   4.71570155   5.79445367   7.10928637
   8.71247061  10.66785079  13.05340714  15.96438567  19.51712093
  23.85370529  29.14769204  35.61106116  43.50272744  53.13893244
  64.90593723]
Phi: [  1.           1.27541578   1.60904183   2.01376608   2.50532985
   3.10295967   3.83013885   4.71554996   5.794226     7.10895636
   8.71200412  10.66720353  13.05252195  15.96318892  19.51551804
  23.8515751   29.14487961  35.60736881  43.4979034   53.13265659
  64.89780316]
Error: [  0.00000000e+00   3.27531520e-06   8.00094901e-06  -5.45176600e-06
  -2.58739686e-05  -5.49429597e-05  -9.56071862e-05  -1.51585438e-04
  -2.27664975e-04  -3.30002729e-04  -4.66496712e-04  -6.47255080e-04
  -8.85187648e-04  -1.19675099e-03  -1.60288615e-03  -2.13019768e-03
  -2.81243503e-03  -3.69235216e-03  -4.82404044e-03  -6.27585324e-03
  -8.13406963e-03]
Acumulated Error: 0.0335699300508
H: 0.025 N: 40
X: [ 0.     0.025  0.05   0.075  0.1    0.125  0.15   0.175  0.2    0.225
  0.25   0.275  0.3    0.325  0.35   0.375  0.4    0.425  0.45   0.475  0.5
  0.525  0.55   0.575  0.6    0.625  0.65   0.675  0.7    0.725  0.75
  0.775  0.8    0.825  0.85   0.875  0.9    0.925  0.95   0.975  1.   ]
Y: [  1.           1.13114036   1.27541555   1.43420747   1.60904242
   1.80160764   2.01376785   2.24758388   2.50533331   2.78953323
   3.10296547   3.44870443   3.83014785   4.25105081   4.71556331
   5.22827182   5.79424518   6.4190853    7.10898329   7.87078134
   8.71204129   9.64112022  10.66725416  11.80065051  13.05259018
  14.43554051  15.96328005  17.65103645  19.51563888  21.57568644
  23.85173433  26.36649956  29.14508831  32.21524723  35.60764108
  39.35615971  43.49825717  48.07532662  53.13311459  58.72217879
  64.89839421]
Phi: [  1.           1.13114047   1.27541578   1.43420733   1.60904183
   1.80160651   2.01376608   2.24758134   2.50532985   2.78952869
   3.10295967   3.44869715   3.83013885   4.25103979   4.71554996
   5.22825577   5.794226     6.41906253   7.10895636   7.87074965
   8.71200412   9.64107677  10.66720353  11.80059167  13.05252195
  14.43546158  15.96318892  17.65093142  19.51551804  21.57554763
  23.8515751   26.36631715  29.14487961  32.21500872  35.60736881
  39.3558492   43.4979034   48.07492393  53.13265659  58.72165831
  64.89780316]
Error: [  0.00000000e+00   1.00631498e-07   2.22430002e-07  -1.39485532e-07
  -5.88139760e-07  -1.12776207e-06  -1.77432251e-06  -2.54441402e-06
  -3.45686284e-06  -4.53309441e-06  -5.79746661e-06  -7.27764919e-06
  -9.00505099e-06  -1.10153004e-05  -1.33487855e-05  -1.60512611e-05
  -1.91745308e-05  -2.27772135e-05  -2.69256035e-05  -3.16946369e-05
  -3.71689761e-05  -4.34442266e-05  -5.06283022e-05  -5.88429570e-05
  -6.82255024e-05  -7.89307332e-05  -9.11330859e-05  -1.05029058e-04
  -1.20839920e-04  -1.38814751e-04  -1.59233841e-04  -1.82412502e-04
  -2.08705334e-04  -2.38511000e-04  -2.72277574e-04  -3.10508521e-04
  -3.53769398e-04  -4.02695339e-04  -4.57999439e-04  -5.20482128e-04
  -5.91041648e-04]
Acumulated Error: 0.00466824887799
METHOD: Adams-Multon4
H: 0.1 N: 10
X: [ 0.   0.1  0.2  0.3  0.4  0.5  0.6  0.7  0.8  0.9  1. ]
Y: [  1.           1.60893333   2.50500615   3.82941451   5.7933978
   8.71119853  13.05194151  19.51558025  29.14635844  43.50217727
  64.90726377]
Phi: [  1.           1.60904183   2.50532985   3.83013885   5.794226
   8.71200412  13.05252195  19.51551804  29.14487961  43.4979034
  64.89780316]
Error: [  0.00000000e+00   1.08495116e-04   3.23701474e-04   7.24336599e-04
   8.28199694e-04   8.05590994e-04   5.80443584e-04  -6.22112277e-05
  -1.47883087e-03  -4.27386442e-03  -9.46060790e-03]
Acumulated Error: 0.018646281871
H: 0.05 N: 20
X: [ 0.    0.05  0.1   0.15  0.2   0.25  0.3   0.35  0.4   0.45  0.5   0.55
  0.6   0.65  0.7   0.75  0.8   0.85  0.9   0.95  1.  ]
Y: [  1.           1.2754125    1.60903383   2.01375142   2.50531422
   3.10294373   3.83012306   4.7155352    5.79421351   7.10894786
   8.71200198  10.667211    13.05254338  15.96323013  19.51558674
  23.85168144  29.14503689  35.60759437  43.49821979  53.13309294
  64.8983971 ]
Phi: [  1.           1.27541578   1.60904183   2.01376608   2.50532985
   3.10295967   3.83013885   4.71554996   5.794226     7.10895636
   8.71200412  10.66720353  13.05252195  15.96318892  19.51551804
  23.8515751   29.14487961  35.60736881  43.4979034   53.13265659
  64.89780316]
Error: [  0.00000000e+00   3.27531520e-06   8.00094901e-06   1.46585552e-05
   1.56361819e-05   1.59457060e-05   1.57901537e-05   1.47619053e-05
   1.24978778e-05   8.50865792e-06   2.14042976e-06  -7.46482900e-06
  -2.14282826e-05  -4.12089234e-05  -6.86981617e-05  -1.06339780e-04
  -1.57281812e-04  -2.25568600e-04  -3.16383366e-04  -4.36354272e-04
  -5.93940159e-04]
Acumulated Error: 0.00208588391664
H: 0.025 N: 40
X: [ 0.     0.025  0.05   0.075  0.1    0.125  0.15   0.175  0.2    0.225
  0.25   0.275  0.3    0.325  0.35   0.375  0.4    0.425  0.45   0.475  0.5
  0.525  0.55   0.575  0.6    0.625  0.65   0.675  0.7    0.725  0.75
  0.775  0.8    0.825  0.85   0.875  0.9    0.925  0.95   0.975  1.   ]
Y: [  1.           1.13114036   1.27541555   1.43420697   1.60904145
   1.80160612   2.01376568   2.24758095   2.50532946   2.78952831
   3.1029593    3.4486968    3.83013852   4.25103951   4.71554973
   5.2282556    5.79422591   6.41906254   7.10895649   7.87074992
   8.71200457   9.64107743  10.66720443  11.80059286  13.05252349
  14.43546352  15.96319132  17.65093438  19.51552163  21.57555195
  23.85158027  26.3663233   29.14488689  32.2150173   35.60737888
  39.35586099  43.49791715  48.07493992  53.13267514  58.72167979
  64.89782798]
Phi: [  1.           1.13114047   1.27541578   1.43420733   1.60904183
   1.80160651   2.01376608   2.24758134   2.50532985   2.78952869
   3.10295967   3.44869715   3.83013885   4.25103979   4.71554996
   5.22825577   5.794226     6.41906253   7.10895636   7.87074965
   8.71200412   9.64107677  10.66720353  11.80059167  13.05252195
  14.43546158  15.96318892  17.65093142  19.51551804  21.57554763
  23.8515751   26.36631715  29.14487961  32.21500872  35.60736881
  39.3558492   43.4979034   48.07492393  53.13265659  58.72165831
  64.89780316]
Error: [  0.00000000e+00   1.00631498e-07   2.22430002e-07   3.68734740e-07
   3.80452468e-07   3.86661036e-07   3.91757971e-07   3.93335022e-07
   3.90872710e-07   3.83548994e-07   3.70361214e-07   3.50156900e-07
   3.21606251e-07   2.83177153e-07   2.33107541e-07   1.69373986e-07
   8.96562149e-08  -8.70296724e-09  -1.28742884e-07  -2.73935960e-07
  -4.48245201e-07  -6.56188982e-07  -9.02914085e-07  -1.19427770e-06
  -1.53694024e-06  -1.93846924e-06  -2.40745661e-06  -2.95365033e-06
  -3.58810275e-06  -4.32333699e-06  -5.17353410e-06  -6.15474305e-06
  -7.28511728e-06  -8.58517936e-06  -1.00781188e-05  -1.17901259e-05
  -1.37507665e-05  -1.59934021e-05  -1.85556616e-05  -2.14799698e-05
  -2.48141397e-05]
Acumulated Error: 0.000168857585957
METHOD: Predictor-Corrector1
H: 0.1 N: 10
X: [ 0.   0.1  0.2  0.3  0.4  0.5  0.6  0.7  0.8  0.9  1. ]
Y: [  1.           1.61678667   2.51951573   3.85499245   5.83680789
   8.7837483   13.1718251   19.71182421  29.4650998   44.01647873
  65.73244368]
Phi: [  1.           1.60904183   2.50532985   3.83013885   5.794226
   8.71200412  13.05252195  19.51551804  29.14487961  43.4979034
  64.89780316]
Error: [ 0.         -0.00774484 -0.01418588 -0.0248536  -0.04258189 -0.07174418
 -0.11930314 -0.19630617 -0.32022019 -0.51857533 -0.83464051]
Acumulated Error: 2.15015574314
H: 0.05 N: 20
X: [ 0.    0.05  0.1   0.15  0.2   0.25  0.3   0.35  0.4   0.45  0.5   0.55
  0.6   0.65  0.7   0.75  0.8   0.85  0.9   0.95  1.  ]
Y: [  1.           1.27629125   1.61071324   2.01653937   2.50961129
   3.1092815    3.83919513   4.72824219   5.81172094   7.13275934
   8.74405178  10.70998109  13.10921123  16.037855    19.61334453
  23.97916023  29.31060864  35.82188202  43.7746838   53.48876725
  65.35481188]
Phi: [  1.           1.27541578   1.60904183   2.01376608   2.50532985
   3.10295967   3.83013885   4.71554996   5.794226     7.10895636
   8.71200412  10.66720353  13.05252195  15.96318892  19.51551804
  23.8515751   29.14487961  35.60736881  43.4979034   53.13265659
  64.89780316]
Error: [ 0.         -0.00087547 -0.00167141 -0.00277329 -0.00428144 -0.00632182
 -0.00905628 -0.01269223 -0.01749494 -0.02380297 -0.03204766 -0.04277756
 -0.05668927 -0.07466608 -0.09782649 -0.12758513 -0.16572903 -0.21451321
 -0.27678039 -0.35611066 -0.45700872]
Acumulated Error: 1.98070408549
H: 0.025 N: 40
X: [ 0.     0.025  0.05   0.075  0.1    0.125  0.15   0.175  0.2    0.225
  0.25   0.275  0.3    0.325  0.35   0.375  0.4    0.425  0.45   0.475  0.5
  0.525  0.55   0.575  0.6    0.625  0.65   0.675  0.7    0.725  0.75
  0.775  0.8    0.825  0.85   0.875  0.9    0.925  0.95   0.975  1.   ]
Y: [  1.           1.13124452   1.27561893   1.43452923   1.6095052
   1.80223756   2.01459496   2.2486427    2.50666342   2.79118001
   3.10498083   3.45114769   3.83308674   4.25456257   4.71973596
   5.23320554   5.80005392   6.42589858   7.11694817   7.88006472
   8.72283243   9.65363363  10.68173279  11.81736936  13.07186036
  14.4577138   15.98875401  17.68026015  19.54911936  21.61399592
  23.8955183   26.41648591  29.20209747  32.28020361  35.68158588
  39.44026523  43.5938429   48.18387722  53.25630004  58.86187698
  65.05671613]
Phi: [  1.           1.13114047   1.27541578   1.43420733   1.60904183
   1.80160651   2.01376608   2.24758134   2.50532985   2.78952869
   3.10295967   3.44869715   3.83013885   4.25103979   4.71554996
   5.22825577   5.794226     6.41906253   7.10895636   7.87074965
   8.71200412   9.64107677  10.66720353  11.80059167  13.05252195
  14.43546158  15.96318892  17.65093142  19.51551804  21.57554763
  23.8515751   26.36631715  29.14487961  32.21500872  35.60736881
  39.3558492   43.4979034   48.07492393  53.13265659  58.72165831
  64.89780316]
Error: [  0.00000000e+00  -1.04053014e-04  -2.03153624e-04  -3.21893508e-04
  -4.63368689e-04  -6.31048806e-04  -8.28881765e-04  -1.06135612e-03
  -1.33357110e-03  -1.65131550e-03  -2.02115621e-03  -2.45053801e-03
  -2.94789545e-03  -3.52277886e-03  -4.18599563e-03  -4.94976910e-03
  -5.82791683e-03  -6.83605075e-03  -7.99180182e-03  -9.31507198e-03
  -1.08283169e-02  -1.25568631e-02  -1.45292633e-02  -1.67776951e-02
  -1.93384074e-02  -2.22522213e-02  -2.55650906e-02  -2.93287302e-02
  -3.36013193e-02  -3.84482895e-02  -4.39432070e-02  -5.01687594e-02
  -5.72178612e-02  -6.51948903e-02  -7.42170715e-02  -8.44160247e-02
  -9.59394958e-02  -1.08953294e-01  -1.23643454e-01  -1.40218664e-01
  -1.58912962e-01]
Acumulated Error: 1.28269949685
METHOD: Predictor-Corrector2
H: 0.1 N: 10
X: [ 0.   0.1  0.2  0.3  0.4  0.5  0.6  0.7  0.8  0.9  1. ]
Y: [  1.           1.60893333   2.50714991   3.83256996   5.79716404
   8.7154017   13.05612843  19.51871707  29.14639821  43.49531536
  64.88670245]
Phi: [  1.           1.60904183   2.50532985   3.83013885   5.794226
   8.71200412  13.05252195  19.51551804  29.14487961  43.4979034
  64.89780316]
Error: [ 0.          0.0001085  -0.00182006 -0.00243111 -0.00293803 -0.00339758
 -0.00360648 -0.00319902 -0.0015186   0.00258804  0.01110072]
Acumulated Error: 0.0327081482873
H: 0.05 N: 20
X: [ 0.    0.05  0.1   0.15  0.2   0.25  0.3   0.35  0.4   0.45  0.5   0.55
  0.6   0.65  0.7   0.75  0.8   0.85  0.9   0.95  1.  ]
Y: [  1.           1.2754125    1.60913699   2.01392722   2.50557889
   3.10332798   3.83066705   4.71629082   5.79524779   7.11034717
   8.71387725  10.66970439  13.0558367   15.96755535  19.52123939
  23.85903728  29.15457304  35.61991572  43.51409218  53.15348486
  64.92453178]
Phi: [  1.           1.27541578   1.60904183   2.01376608   2.50532985
   3.10295967   3.83013885   4.71554996   5.794226     7.10895636
   8.71200412  10.66720353  13.05252195  15.96318892  19.51551804
  23.8515751   29.14487961  35.60736881  43.4979034   53.13265659
  64.89780316]
Error: [  0.00000000e+00   3.27531520e-06  -9.51571760e-05  -1.61146865e-04
  -2.49035993e-04  -3.68305836e-04  -5.28207962e-04  -7.40862109e-04
  -1.02179051e-03  -1.39080193e-03  -1.87312979e-03  -2.50086334e-03
  -3.31474665e-03  -4.36643803e-03  -5.72134569e-03  -7.46218414e-03
  -9.69343130e-03  -1.25469109e-02  -1.61887801e-02  -2.08282707e-02
  -2.67286183e-02]
Acumulated Error: 0.115783302662
H: 0.025 N: 40
X: [ 0.     0.025  0.05   0.075  0.1    0.125  0.15   0.175  0.2    0.225
  0.25   0.275  0.3    0.325  0.35   0.375  0.4    0.425  0.45   0.475  0.5
  0.525  0.55   0.575  0.6    0.625  0.65   0.675  0.7    0.725  0.75
  0.775  0.8    0.825  0.85   0.875  0.9    0.925  0.95   0.975  1.   ]
Y: [  1.           1.13114036   1.2754212    1.43421738   1.60905737
   1.8016286    2.01379591   2.24762032   2.50537956   2.78959095
   3.10303657   3.44879109   3.83025255   4.25117638   4.715713     5.2284493
   5.79445464   6.41933152   7.10927166   7.87111802   8.71243324
   9.64157535  10.66778143  11.80126005  13.05329346  14.43635052
  15.96421145  17.65210582  19.51686493  21.57709031  23.85333985
  26.36833362  29.14718123  32.21763316  35.61035852  39.35925199
  43.50177308  48.07932106  53.13764932  58.7273233   64.90422658]
Phi: [  1.           1.13114047   1.27541578   1.43420733   1.60904183
   1.80160651   2.01376608   2.24758134   2.50532985   2.78952869
   3.10295967   3.44869715   3.83013885   4.25103979   4.71554996
   5.22825577   5.794226     6.41906253   7.10895636   7.87074965
   8.71200412   9.64107677  10.66720353  11.80059167  13.05252195
  14.43546158  15.96318892  17.65093142  19.51551804  21.57554763
  23.8515751   26.36631715  29.14487961  32.21500872  35.60736881
  39.3558492   43.4979034   48.07492393  53.13265659  58.72165831
  64.89780316]
Error: [  0.00000000e+00   1.00631498e-07  -5.42827724e-06  -1.00462001e-05
  -1.55434300e-05  -2.20887523e-05  -2.98390013e-05  -3.89751413e-05
  -4.97029634e-05  -6.22562127e-05  -7.69001952e-05  -9.39358312e-05
  -1.13704212e-04  -1.36591721e-04  -1.63035787e-04  -1.93531350e-04
  -2.28638116e-04  -2.68988709e-04  -3.15297818e-04  -3.68372456e-04
  -4.29123482e-04  -4.98578512e-04  -5.77896406e-04  -6.68383509e-04
  -7.71511850e-04  -8.88939549e-04  -1.02253367e-03  -1.17439585e-03
  -1.34689096e-03  -1.54267924e-03  -1.76475227e-03  -2.01647327e-03
  -2.30162213e-03  -2.62444586e-03  -2.98971510e-03  -3.40278719e-03
  -3.86967689e-03  -4.39713536e-03  -4.99273857e-03  -5.66498604e-03
  -6.42341139e-03]
Acumulated Error: 0.0515616538942
METHOD: Predictor-Corrector3
H: 0.1 N: 10
X: [ 0.   0.1  0.2  0.3  0.4  0.5  0.6  0.7  0.8  0.9  1. ]
Y: [  1.           1.60893333   2.50500615   3.83025916   5.79402704
   8.71094573  13.04987819  19.50998674  29.13425282  43.47850738
  64.86358353]
Phi: [  1.           1.60904183   2.50532985   3.83013885   5.794226
   8.71200412  13.05252195  19.51551804  29.14487961  43.4979034
  64.89780316]
Error: [ 0.          0.0001085   0.0003237  -0.00012032  0.00019896  0.00105839
  0.00264376  0.0055313   0.01062679  0.01939602  0.03421964]
Acumulated Error: 0.074227362093
H: 0.05 N: 20
X: [ 0.    0.05  0.1   0.15  0.2   0.25  0.3   0.35  0.4   0.45  0.5   0.55
  0.6   0.65  0.7   0.75  0.8   0.85  0.9   0.95  1.  ]
Y: [  1.           1.2754125    1.60903383   2.01377002   2.50533794
   3.1029725    3.83015847   4.71557873   5.79426699   7.10901356
   8.7120827   10.66731017  13.05266522  15.9633798   19.51577061
  23.8519073   29.14531433  35.60793516  43.49863836  53.13360705
  64.89902853]
Phi: [  1.           1.27541578   1.60904183   2.01376608   2.50532985
   3.10295967   3.83013885   4.71554996   5.794226     7.10895636
   8.71200412  10.66720353  13.05252195  15.96318892  19.51551804
  23.8515751   29.14487961  35.60736881  43.4979034   53.13265659
  64.89780316]
Error: [  0.00000000e+00   3.27531520e-06   8.00094901e-06  -3.94349191e-06
  -8.08488969e-06  -1.28334629e-05  -1.96226971e-05  -2.87652577e-05
  -4.09810969e-05  -5.71975878e-05  -7.85862269e-05  -1.06642024e-04
  -1.43268860e-04  -1.90886776e-04  -2.52567264e-04  -3.32203122e-04
  -4.34721566e-04  -5.66351453e-04  -7.34958127e-04  -9.50462735e-04
  -1.22536699e-03]
Acumulated Error: 0.00519871989248
H: 0.025 N: 40
X: [ 0.     0.025  0.05   0.075  0.1    0.125  0.15   0.175  0.2    0.225
  0.25   0.275  0.3    0.325  0.35   0.375  0.4    0.425  0.45   0.475  0.5
  0.525  0.55   0.575  0.6    0.625  0.65   0.675  0.7    0.725  0.75
  0.775  0.8    0.825  0.85   0.875  0.9    0.925  0.95   0.975  1.   ]
Y: [  1.           1.13114036   1.27541555   1.43420745   1.60904219
   1.80160716   2.01376707   2.24758274   2.50533174   2.78953115
   3.10296279   3.44870106   3.83014366   4.25104567   4.71555707
   5.22826431   5.79423618   6.41907461   7.10897063   7.87076642
   8.71202377   9.64109972  10.66723026  11.80062271  13.05255793
  14.43550318  15.96323692  17.65098673  19.51558165  21.57562067
  23.85165885  26.36641306  29.14498932  32.21513406  35.60751186
  39.3560123   43.49808918  48.07513535  53.132897    58.72193147
  64.8981133 ]
Phi: [  1.           1.13114047   1.27541578   1.43420733   1.60904183
   1.80160651   2.01376608   2.24758134   2.50532985   2.78952869
   3.10295967   3.44869715   3.83013885   4.25103979   4.71554996
   5.22825577   5.794226     6.41906253   7.10895636   7.87074965
   8.71200412   9.64107677  10.66720353  11.80059167  13.05252195
  14.43546158  15.96318892  17.65093142  19.51551804  21.57554763
  23.8515751   26.36631715  29.14487961  32.21500872  35.60736881
  39.3558492   43.4979034   48.07492393  53.13265659  58.72165831
  64.89780316]
Error: [  0.00000000e+00   1.00631498e-07   2.22430002e-07  -1.20427271e-07
  -3.63657570e-07  -6.49377839e-07  -9.93017147e-07  -1.40162846e-06
  -1.88517784e-06  -2.45493744e-06  -3.12368966e-06  -3.90595459e-06
  -4.81821174e-06  -5.87915134e-06  -7.10995714e-06  -8.53462414e-06
  -1.01803156e-05  -1.20777642e-05  -1.42617220e-05  -1.67714664e-05
  -1.96513674e-05  -2.29515244e-05  -2.67284804e-05  -3.10460234e-05
  -3.59760848e-05  -4.15997471e-05  -4.80083724e-05  -5.53048684e-05
  -6.36051063e-05  -7.30395090e-05  -8.37548305e-05  -9.59161485e-05
  -1.09709095e-04  -1.25342355e-04  -1.43050461e-04  -1.63096920e-04
  -1.85777720e-04  -2.11425238e-04  -2.40412631e-04  -2.73158729e-04
  -3.10133516e-04]
Acumulated Error: 0.00245454286998
METHOD: Predictor-Corrector4
H: 0.1 N: 10
X: [ 0.   0.1  0.2  0.3  0.4  0.5  0.6  0.7  0.8  0.9  1. ]
Y: [  1.           1.60893333   2.50500615   3.82941451   5.79331239
   8.6474819   12.85449042  19.07612793  28.27528259  41.88230308
  62.01657294]
Phi: [  1.           1.60904183   2.50532985   3.83013885   5.794226
   8.71200412  13.05252195  19.51551804  29.14487961  43.4979034
  64.89780316]
Error: [  0.00000000e+00   1.08495116e-04   3.23701474e-04   7.24336599e-04
   9.13614133e-04   6.45222134e-02   1.98031534e-01   4.39390110e-01
   8.69597018e-01   1.61560032e+00   2.88123023e+00]
Acumulated Error: 6.07044157348
H: 0.05 N: 20
X: [ 0.    0.05  0.1   0.15  0.2   0.25  0.3   0.35  0.4   0.45  0.5   0.55
  0.6   0.65  0.7   0.75  0.8   0.85  0.9   0.95  1.  ]
Y: [  1.           1.2754125    1.60903383   2.01375142   2.50531364
   3.09921865   3.82081688   4.69852343   5.7665084    7.06664544
   8.65001234  10.57890521  12.92932502  15.79399056  19.28601466
  23.54339024  28.73446301  35.06460773  42.78437318  52.19941847
  63.6826351 ]
Phi: [  1.           1.27541578   1.60904183   2.01376608   2.50532985
   3.10295967   3.83013885   4.71554996   5.794226     7.10895636
   8.71200412  10.66720353  13.05252195  15.96318892  19.51551804
  23.8515751   29.14487961  35.60736881  43.4979034   53.13265659
  64.89780316]
Error: [  0.00000000e+00   3.27531520e-06   8.00094901e-06   1.46585552e-05
   1.62103995e-05   3.74102233e-03   9.32196980e-03   1.70265339e-02
   2.77176077e-02   4.23109284e-02   6.19917764e-02   8.82983160e-02
   1.23196937e-01   1.69198354e-01   2.29503378e-01   3.08184852e-01
   4.10416604e-01   5.42761073e-01   7.13530220e-01   9.33238113e-01
   1.21516806e+00]
Acumulated Error: 4.89564789175
H: 0.025 N: 40
X: [ 0.     0.025  0.05   0.075  0.1    0.125  0.15   0.175  0.2    0.225
  0.25   0.275  0.3    0.325  0.35   0.375  0.4    0.425  0.45   0.475  0.5
  0.525  0.55   0.575  0.6    0.625  0.65   0.675  0.7    0.725  0.75
  0.775  0.8    0.825  0.85   0.875  0.9    0.925  0.95   0.975  1.   ]
Y: [  1.           1.13114036   1.27541555   1.43420697   1.60904144
   1.80129209   2.01306329   2.2464174    2.50361415   2.78715794
   3.09981519   3.44464252   3.82501749   4.24467231   4.70773101
   5.21875062   5.78276661   6.40534315   7.09262856   7.85141673
   8.6892148    9.61431813  10.63589301  11.7640681   13.01003548
  14.38616233  15.90611423  17.58499156  19.4394801   21.48801749
  23.75097715  26.25087153  29.01257672  32.06358054  35.43425683
  39.15816838  43.2724018   47.81793747  52.84005834  58.38880168
  64.51945823]
Phi: [  1.           1.13114047   1.27541578   1.43420733   1.60904183
   1.80160651   2.01376608   2.24758134   2.50532985   2.78952869
   3.10295967   3.44869715   3.83013885   4.25103979   4.71554996
   5.22825577   5.794226     6.41906253   7.10895636   7.87074965
   8.71200412   9.64107677  10.66720353  11.80059167  13.05252195
  14.43546158  15.96318892  17.65093142  19.51551804  21.57554763
  23.8515751   26.36631715  29.14487961  32.21500872  35.60736881
  39.3558492   43.4979034   48.07492393  53.13265659  58.72165831
  64.89780316]
Error: [  0.00000000e+00   1.00631498e-07   2.22430002e-07   3.68734740e-07
   3.86131371e-07   3.14416568e-04   7.02784401e-04   1.16394091e-03
   1.71570482e-03   2.37075637e-03   3.14447941e-03   4.05463530e-03
   5.12135208e-03   6.36748068e-03   7.81894823e-03   9.50514947e-03
   1.14593894e-02   1.37193804e-02   1.63278012e-02   1.93329236e-02
   2.27893170e-02   2.67586388e-02   3.13105217e-02   3.65235685e-02
   4.24864689e-02   4.92992512e-02   5.70746858e-02   6.59398589e-02
   7.60379358e-02   8.75301368e-02   1.00597951e-01   1.15445615e-01
   1.32302890e-01   1.51428174e-01   1.73111977e-01   1.97680821e-01
   2.25501600e-01   2.56986457e-01   2.92598244e-01   3.32856631e-01
   3.78344931e-01]
Acumulated Error: 2.95572589504
METHOD: BackDiff1
H: 0.1 N: 10
X: [ 0.   0.1  0.2  0.3  0.4  0.5  0.6  0.7  0.8  0.9  1. ]
Y: [   1.            1.81666667    3.16111111    5.38518519    9.07530864
   15.20884774   25.41474623   42.40791038   70.71318397  117.87197328
  196.45328879]
Phi: [  1.           1.60904183   2.50532985   3.83013885   5.794226
   8.71200412  13.05252195  19.51551804  29.14487961  43.4979034
  64.89780316]
Error: [   0.           -0.20762484   -0.65578126   -1.55504634   -3.28108264
   -6.49684362  -12.36222428  -22.89239234  -41.56830436  -74.37406987
 -131.55548563]
Acumulated Error: 294.948855169
H: 0.05 N: 20
X: [ 0.    0.05  0.1   0.15  0.2   0.25  0.3   0.35  0.4   0.45  0.5   0.55
  0.6   0.65  0.7   0.75  0.8   0.85  0.9   0.95  1.  ]
Y: [   1.            1.309375      1.69296875    2.16933594    2.76166992
    3.4989624     4.417453      5.56244125    6.99055157    8.77256446
   10.99695557   13.77431947   17.24289933   21.57549917   26.98812396
   33.75077995   42.20097494   52.76059367   65.95699209   82.44936511
  103.06170639]
Phi: [  1.           1.27541578   1.60904183   2.01376608   2.50532985
   3.10295967   3.83013885   4.71554996   5.794226     7.10895636
   8.71200412  10.66720353  13.05252195  15.96318892  19.51551804
  23.8515751   29.14487961  35.60736881  43.4979034   53.13265659
  64.89780316]
Error: [  0.00000000e+00  -3.39592247e-02  -8.39269216e-02  -1.55569862e-01
  -2.56340069e-01  -3.96002731e-01  -5.87314157e-01  -8.46891293e-01
  -1.19632556e+00  -1.66360809e+00  -2.28495146e+00  -3.10711594e+00
  -4.19037738e+00  -5.61231025e+00  -7.47260592e+00  -9.89920485e+00
  -1.30560953e+01  -1.71532249e+01  -2.24590887e+01  -2.93167085e+01
  -3.81639032e+01]
Acumulated Error: 157.935524332
H: 0.025 N: 40
X: [ 0.     0.025  0.05   0.075  0.1    0.125  0.15   0.175  0.2    0.225
  0.25   0.275  0.3    0.325  0.35   0.375  0.4    0.425  0.45   0.475  0.5
  0.525  0.55   0.575  0.6    0.625  0.65   0.675  0.7    0.725  0.75
  0.775  0.8    0.825  0.85   0.875  0.9    0.925  0.95   0.975  1.   ]
Y: [  1.           1.13819444   1.29104938   1.46019376   1.64743751
   1.85479168   2.08449075   2.3390175    2.62113056   2.93389507
   3.28071674   3.66537971   4.09208857   4.56551507   5.09085008
   5.6738612    6.32095689   7.03925766   7.83667518   8.72200019
   9.70500022  10.79652802  12.00864224  13.35474138  14.84971264
  16.51009738  18.35427487  20.40266652  22.6779628   25.20537534
  28.01291704  31.13171338  34.5963482   38.445248    42.72110889
  47.47137098  52.74874554  58.6118006   65.12561178  72.36248531
  80.40276145]
Phi: [  1.           1.13114047   1.27541578   1.43420733   1.60904183
   1.80160651   2.01376608   2.24758134   2.50532985   2.78952869
   3.10295967   3.44869715   3.83013885   4.25103979   4.71554996
   5.22825577   5.794226     6.41906253   7.10895636   7.87074965
   8.71200412   9.64107677  10.66720353  11.80059167  13.05252195
  14.43546158  15.96318892  17.65093142  19.51551804  21.57554763
  23.8515751   26.36631715  29.14487961  32.21500872  35.60736881
  39.3558492   43.4979034   48.07492393  53.13265659  58.72165831
  64.89780316]
Error: [  0.00000000e+00  -7.05397923e-03  -1.56336074e-02  -2.59864246e-02
  -3.83956811e-02  -5.31851683e-02  -7.07246770e-02  -9.14361627e-02
  -1.15800706e-01  -1.44366371e-01  -1.77757068e-01  -2.16682557e-01
  -2.61949721e-01  -3.14475281e-01  -3.75300122e-01  -4.45605432e-01
  -5.26730888e-01  -6.20195130e-01  -7.27718811e-01  -8.51250544e-01
  -9.92996099e-01  -1.15545125e+00  -1.34143871e+00  -1.55414972e+00
  -1.79719069e+00  -2.07463580e+00  -2.39108595e+00  -2.75173510e+00
  -3.16244476e+00  -3.62982771e+00  -4.16134194e+00  -4.76539623e+00
  -5.45146859e+00  -6.23023928e+00  -7.11374008e+00  -8.11552178e+00
  -9.25084214e+00  -1.05368767e+01  -1.19929552e+01  -1.36408270e+01
  -1.55049583e+01]
Acumulated Error: 122.695371309
METHOD: BackDiff2
H: 0.1 N: 10
X: [ 0.   0.1  0.2  0.3  0.4  0.5  0.6  0.7  0.8  0.9  1. ]
Y: [  1.           1.60893333   2.54351515   3.95687603   6.09272226
   9.32455137  14.2206742   21.64461155  32.90807818  50.00350054
  75.95723817]
Phi: [  1.           1.60904183   2.50532985   3.83013885   5.794226
   8.71200412  13.05252195  19.51551804  29.14487961  43.4979034
  64.89780316]
Error: [  0.00000000e+00   1.08495116e-04  -3.81852989e-02  -1.26737187e-01
  -2.98496260e-01  -6.12547257e-01  -1.16815224e+00  -2.12909351e+00
  -3.76319858e+00  -6.50559714e+00  -1.10594350e+01]
Acumulated Error: 25.7015509724
H: 0.05 N: 20
X: [ 0.    0.05  0.1   0.15  0.2   0.25  0.3   0.35  0.4   0.45  0.5   0.55
  0.6   0.65  0.7   0.75  0.8   0.85  0.9   0.95  1.  ]
Y: [  1.           1.2754125    1.61217308   2.02241531   2.52211083
   3.13116462   3.87405679   4.78079329   5.88812168   7.24103593
   8.89462386  10.91633058  13.38873018  16.41291929  20.11267191
  24.63952629  30.17901279  36.95827879  45.25542399  55.41092968
  67.84165182]
Phi: [  1.           1.27541578   1.60904183   2.01376608   2.50532985
   3.10295967   3.83013885   4.71554996   5.794226     7.10895636
   8.71200412  10.66720353  13.05252195  15.96318892  19.51551804
  23.8515751   29.14487961  35.60736881  43.4979034   53.13265659
  64.89780316]
Error: [  0.00000000e+00   3.27531520e-06  -3.13124847e-03  -8.64923519e-03
  -1.67809804e-02  -2.82049522e-02  -4.39179470e-02  -6.52433269e-02
  -9.38956719e-02  -1.32079565e-01  -1.82619744e-01  -2.49127053e-01
  -3.36208230e-01  -4.49730370e-01  -5.97153869e-01  -7.87951192e-01
  -1.03413318e+00  -1.35090999e+00  -1.75752059e+00  -2.27827310e+00
  -2.94384866e+00]
Acumulated Error: 12.3593821733
H: 0.025 N: 40
X: [ 0.     0.025  0.05   0.075  0.1    0.125  0.15   0.175  0.2    0.225
  0.25   0.275  0.3    0.325  0.35   0.375  0.4    0.425  0.45   0.475  0.5
  0.525  0.55   0.575  0.6    0.625  0.65   0.675  0.7    0.725  0.75
  0.775  0.8    0.825  0.85   0.875  0.9    0.925  0.95   0.975  1.   ]
Y: [  1.           1.13114036   1.27573624   1.43501949   1.61047919
   1.8038026    2.01686828   2.25175733   2.5107718    2.7964571
   3.11162736   3.45939369   3.8431955    4.26683511   4.73451605
   5.25088539   5.82108054   6.45078099   7.14626551   7.91447537
   8.76308427   9.70057562  10.73632793  11.88070932  13.14518191
  14.54241726  16.08642397  17.7926888   19.67833258  21.76228268
  24.06546362  26.61100779  29.42448841  32.53417709  35.97132855
  39.77049539  43.96987608  48.61169962  53.74265086  59.41434064
  65.68382561]
Phi: [  1.           1.13114047   1.27541578   1.43420733   1.60904183
   1.80160651   2.01376608   2.24758134   2.50532985   2.78952869
   3.10295967   3.44869715   3.83013885   4.25103979   4.71554996
   5.22825577   5.794226     6.41906253   7.10895636   7.87074965
   8.71200412   9.64107677  10.66720353  11.80059167  13.05252195
  14.43546158  15.96318892  17.65093142  19.51551804  21.57554763
  23.8515751   26.36631715  29.14487961  32.21500872  35.60736881
  39.3558492   43.4979034   48.07492393  53.13265659  58.72165831
  64.89780316]
Error: [  0.00000000e+00   1.00631498e-07  -3.20459804e-04  -8.12157394e-04
  -1.43736099e-03  -2.19608618e-03  -3.10220707e-03  -4.17599381e-03
  -5.44195213e-03  -6.92840726e-03  -8.66768667e-03  -1.06965359e-02
  -1.30566540e-02  -1.57953178e-02  -1.89660903e-02  -2.26296194e-02
  -2.68545356e-02  -3.17184608e-02  -3.73091412e-02  -4.37257184e-02
  -5.10801573e-02  -5.94988469e-02  -6.91243971e-02  -8.01176537e-02
  -9.26599578e-02  -1.06955679e-01  -1.23235055e-01  -1.41757372e-01
  -1.62814535e-01  -1.86735054e-01  -2.13888528e-01  -2.44690644e-01
  -2.79608798e-01  -3.19168367e-01  -3.63959741e-01  -4.14646194e-01
  -4.71972681e-01  -5.36775692e-01  -6.09994270e-01  -6.92682332e-01
  -7.86022450e-01]
Acumulated Error: 6.26122289065
METHOD: BackDiff3
H: 0.1 N: 10
X: [ 0.   0.1  0.2  0.3  0.4  0.5  0.6  0.7  0.8  0.9  1. ]
Y: [  1.           1.60893333   2.50500615   3.84066404   5.83311209
   8.80698298  13.24988521  19.89317572  29.83280954  44.71066985
  66.98640963]
Phi: [  1.           1.60904183   2.50532985   3.83013885   5.794226
   8.71200412  13.05252195  19.51551804  29.14487961  43.4979034
  64.89780316]
Error: [  0.00000000e+00   1.08495116e-04   3.23701474e-04  -1.05251915e-02
  -3.88860863e-02  -9.49788584e-02  -1.97363260e-01  -3.77657683e-01
  -6.87929933e-01  -1.21276644e+00  -2.08860646e+00]
Acumulated Error: 4.70914611565
H: 0.05 N: 20
X: [ 0.    0.05  0.1   0.15  0.2   0.25  0.3   0.35  0.4   0.45  0.5   0.55
  0.6   0.65  0.7   0.75  0.8   0.85  0.9   0.95  1.  ]
Y: [  1.           1.2754125    1.60903383   2.0141731    2.50659555
   3.10553363   3.83455017   4.72247872   5.80456457   7.12387286
   8.73301916  10.69628759  13.09221937  16.01677538  19.58719976
  23.94674041  29.27041635  35.7720643   43.71294808  53.41227748
  65.26006026]
Phi: [  1.           1.27541578   1.60904183   2.01376608   2.50532985
   3.10295967   3.83013885   4.71554996   5.794226     7.10895636
   8.71200412  10.66720353  13.05252195  15.96318892  19.51551804
  23.8515751   29.14487961  35.60736881  43.4979034   53.13265659
  64.89780316]
Error: [  0.00000000e+00   3.27531520e-06   8.00094901e-06  -4.07026067e-04
  -1.26569640e-03  -2.57396370e-03  -4.41132691e-03  -6.92876294e-03
  -1.03385614e-02  -1.49164941e-02  -2.10150463e-02  -2.90840567e-02
  -3.96974167e-02  -5.35864588e-02  -7.16817157e-02  -9.51653093e-02
  -1.25536742e-01  -1.64695499e-01  -2.15044673e-01  -2.79620895e-01
  -3.62257100e-01]
Acumulated Error: 1.49823801958
H: 0.025 N: 40
X: [ 0.     0.025  0.05   0.075  0.1    0.125  0.15   0.175  0.2    0.225
  0.25   0.275  0.3    0.325  0.35   0.375  0.4    0.425  0.45   0.475  0.5
  0.525  0.55   0.575  0.6    0.625  0.65   0.675  0.7    0.725  0.75
  0.775  0.8    0.825  0.85   0.875  0.9    0.925  0.95   0.975  1.   ]
Y: [  1.           1.13114036   1.27541555   1.43422756   1.6090997
   1.8017142    2.01393398   2.24782051   2.50565305   2.78995079
   3.10349787   3.44937122   3.83097141   4.25205674   4.71678088
   5.22973442   5.79599087   6.42115747   7.1114313    7.87366133
   8.71541704   9.64506417  10.6718485   11.80598841  13.05877724
  14.4426963   15.97153992  17.66055349  19.52658617  21.58825956
  23.86615419  26.38301555  29.16398186  32.23683575  35.6322825
  39.38425739  43.53026558  48.1117576   53.17454435  58.76925588
  64.95184825]
Phi: [  1.           1.13114047   1.27541578   1.43420733   1.60904183
   1.80160651   2.01376608   2.24758134   2.50532985   2.78952869
   3.10295967   3.44869715   3.83013885   4.25103979   4.71554996
   5.22825577   5.794226     6.41906253   7.10895636   7.87074965
   8.71200412   9.64107677  10.66720353  11.80059167  13.05252195
  14.43546158  15.96318892  17.65093142  19.51551804  21.57554763
  23.8515751   26.36631715  29.14487961  32.21500872  35.60736881
  39.3558492   43.4979034   48.07492393  53.13265659  58.72165831
  64.89780316]
Error: [  0.00000000e+00   1.00631498e-07   2.22430002e-07  -2.02304923e-05
  -5.78748201e-05  -1.07691449e-04  -1.67905964e-04  -2.39166474e-04
  -3.23194211e-04  -4.22098369e-04  -5.38200209e-04  -6.74062416e-04
  -8.32560744e-04  -1.01694924e-03  -1.23091726e-03  -1.47864595e-03
  -1.76486994e-03  -2.09494669e-03  -2.47493479e-03  -2.91168216e-03
  -3.41292504e-03  -3.98739918e-03  -4.64496447e-03  -5.39674477e-03
  -6.25528481e-03  -7.23472590e-03  -8.35100311e-03  -9.62206610e-03
  -1.10681267e-02  -1.27119360e-02  -1.45790953e-02  -1.66984036e-02
  -1.91022473e-02  -2.18270360e-02  -2.49136909e-02  -2.84081907e-02
  -3.23621831e-02  -3.68336685e-02  -4.18877649e-02  -4.75975640e-02
  -5.40450873e-02]
Acumulated Error: 0.427296361904
METHOD: BackDiff4
H: 0.1 N: 10
X: [ 0.   0.1  0.2  0.3  0.4  0.5  0.6  0.7  0.8  0.9  1. ]
Y: [  1.           1.60893333   2.50500615   3.82941451   5.79676279
   8.72470247  13.08603327  19.58714202  29.28369162  43.75259949
  65.34891336]
Phi: [  1.           1.60904183   2.50532985   3.83013885   5.794226
   8.71200412  13.05252195  19.51551804  29.14487961  43.4979034
  64.89780316]
Error: [  0.00000000e+00   1.08495116e-04   3.23701474e-04   7.24336599e-04
  -2.53678477e-03  -1.26983552e-02  -3.35113146e-02  -7.16239829e-02
  -1.38812011e-01  -2.54696092e-01  -4.51110199e-01]
Acumulated Error: 0.966145272457
H: 0.05 N: 20
X: [ 0.    0.05  0.1   0.15  0.2   0.25  0.3   0.35  0.4   0.45  0.5   0.55
  0.6   0.65  0.7   0.75  0.8   0.85  0.9   0.95  1.  ]
Y: [  1.           1.2754125    1.60903383   2.01375142   2.5053739
   3.10315045   3.83056116   4.71629414   5.79540719   7.11072936
   8.71457402  10.67083756  13.05756576  15.97008853  19.52484782
  23.86407292  29.16149104  35.62930286  43.52670279  53.17028622
  64.94676155]
Phi: [  1.           1.27541578   1.60904183   2.01376608   2.50532985
   3.10295967   3.83013885   4.71554996   5.794226     7.10895636
   8.71200412  10.66720353  13.05252195  15.96318892  19.51551804
  23.8515751   29.14487961  35.60736881  43.4979034   53.13265659
  64.89780316]
Error: [  0.00000000e+00   3.27531520e-06   8.00094901e-06   1.46585552e-05
  -4.40510262e-05  -1.90775812e-04  -4.22309966e-04  -7.44180326e-04
  -1.18119085e-03  -1.77299119e-03  -2.56990125e-03  -3.63402725e-03
  -5.04380903e-03  -6.89960922e-03  -9.32977830e-03  -1.24978190e-02
  -1.66114344e-02  -2.19340547e-02  -2.87993837e-02  -3.76296381e-02
  -4.89583892e-02]
Acumulated Error: 0.198289278207
H: 0.025 N: 40
X: [ 0.     0.025  0.05   0.075  0.1    0.125  0.15   0.175  0.2    0.225
  0.25   0.275  0.3    0.325  0.35   0.375  0.4    0.425  0.45   0.475  0.5
  0.525  0.55   0.575  0.6    0.625  0.65   0.675  0.7    0.725  0.75
  0.775  0.8    0.825  0.85   0.875  0.9    0.925  0.95   0.975  1.   ]
Y: [  1.           1.13114036   1.27541555   1.43420697   1.60904287
   1.8016107    2.01377459   2.24759496   2.50534938   2.78955518
   3.10299439   3.44874157   3.83019463   4.25110883   4.71563443
   5.22835815   5.79434912   6.41920961   7.1091311    7.87095623
   8.7122473    9.64136198  10.66753691  11.80098019  13.05297354
  14.43598519  15.96379471  17.6516309   19.51632419  21.57647516
  23.85264063  26.36753945  29.14627987  32.21661084  35.60919977
  39.35793942  43.50028715  48.07763984  53.13574815  58.72517451
  64.90179912]
Phi: [  1.           1.13114047   1.27541578   1.43420733   1.60904183
   1.80160651   2.01376608   2.24758134   2.50532985   2.78952869
   3.10295967   3.44869715   3.83013885   4.25103979   4.71554996
   5.22825577   5.794226     6.41906253   7.10895636   7.87074965
   8.71200412   9.64107677  10.66720353  11.80059167  13.05252195
  14.43546158  15.96318892  17.65093142  19.51551804  21.57554763
  23.8515751   26.36631715  29.14487961  32.21500872  35.60736881
  39.3558492   43.4979034   48.07492393  53.13265659  58.72165831
  64.89780316]
Error: [  0.00000000e+00   1.00631498e-07   2.22430002e-07   3.68734740e-07
  -1.03970354e-06  -4.19164495e-06  -8.51112895e-06  -1.36148979e-05
  -1.95309759e-05  -2.64867577e-05  -3.47157913e-05  -4.44149176e-05
  -5.57801035e-05  -6.90403878e-05  -8.44677167e-05  -1.02374959e-04
  -1.23115371e-04  -1.47086896e-04  -1.74739117e-04  -2.06580719e-04
  -2.43187045e-04  -2.85208233e-04  -3.33378419e-04  -3.88526202e-04
  -4.51586442e-04  -5.23613467e-04  -6.05795869e-04  -6.99473070e-04
  -8.06153902e-04  -9.27537421e-04  -1.06553624e-03  -1.22230263e-03
  -1.40025783e-03  -1.60212475e-03  -1.83096469e-03  -2.09021837e-03
  -2.38375192e-03  -2.71590825e-03  -3.09156462e-03  -3.51619695e-03
  -3.99595185e-03]
Acumulated Error: 0.0312956210549
